0.500068084229213 0.000000000000000 0.000000000000000
0.500612755281637 0.000000000000000 0.000000000000000
0.501702082553109 0.000000000000000 0.000000000000000
0.503336036377270 0.000000000000000 0.000000000000000
0.505514572255610 0.000000000000000 0.000000000000000
0.508237630858648 0.000000000000000 0.000000000000000
0.511505138027577 0.000000000000000 0.000000000000000
0.515317004776264 0.000000000000000 0.000000000000000
0.519673127293679 0.000000000000000 0.000000000000000
0.524573386946731 0.000000000000000 0.000000000000000
0.530017650283483 0.000000000000000 0.000000000000000
0.536005769036802 0.000000000000000 0.000000000000000
0.542537580128382 0.000000000000000 0.000000000000000
0.549612905673197 0.000000000000000 0.000000000000000
0.557231552984341 0.000000000000000 0.000000000000000
0.565393314578273 0.000000000000000 0.000000000000000
0.574097968180482 0.000000000000000 0.000000000000000
0.583345276731507 0.000000000000000 0.000000000000000
0.593134988393430 0.000000000000000 0.000000000000000
0.603466836556720 0.000000000000000 0.000000000000000
0.614340539847486 0.000000000000000 0.000000000000000
0.625755802135149 0.000000000000000 0.000000000000000
0.637712312540504 0.000000000000000 0.000000000000000
0.650209745444187 0.000000000000000 0.000000000000000
0.663247760495544 0.000000000000000 0.000000000000000
0.676826002621898 0.000000000000000 0.000000000000000
0.690944102038216 0.000000000000000 0.000000000000000
0.705601674257188 0.000000000000000 0.000000000000000
0.720798320099689 0.000000000000000 0.000000000000000
0.736533625705658 0.000000000000000 0.000000000000000
0.752807162545359 0.000000000000000 0.000000000000000
0.769618487431067 0.000000000000000 0.000000000000000
0.786967142529122 0.000000000000000 0.000000000000000
0.804852655372400 0.000000000000000 0.000000000000000
0.823274538873189 0.000000000000000 0.000000000000000
0.842232291336448 0.000000000000000 0.000000000000000
0.861725396473471 0.000000000000000 0.000000000000000
0.881753323415946 0.000000000000000 0.000000000000000
0.902315526730412 0.000000000000000 0.000000000000000
0.923411446433121 0.000000000000000 0.000000000000000
0.945040508005270 0.000000000000000 0.000000000000000
0.967202122408676 0.000000000000000 0.000000000000000
0.989895686101789 0.000000000000000 0.000000000000000
1.013120581056143 0.000000000000000 0.000000000000000
1.036876174773187 0.000000000000000 0.000000000000000
1.061161820301507 0.000000000000000 0.000000000000000
1.085976856254447 0.000000000000000 0.000000000000000
1.111320606828119 0.000000000000000 0.000000000000000
1.137192381819805 0.000000000000000 0.000000000000000
1.163591476646765 0.000000000000000 0.000000000000000
1.190517172365411 0.000000000000000 0.000000000000000
1.217968735690896 0.000000000000000 0.000000000000000
1.245945419017083 0.000000000000000 0.000000000000000
1.274446460436899 0.000000000000000 0.000000000000000
1.303471083763085 0.000000000000000 0.000000000000000
1.333018498549354 0.000000000000000 0.000000000000000
1.363087900111886 0.000000000000000 0.000000000000000
1.393678469551261 0.000000000000000 0.000000000000000
1.424789373774765 0.000000000000000 0.000000000000000
1.456419765519062 0.000000000000000 0.000000000000000
1.488568783373285 0.000000000000000 0.000000000000000
1.521235551802484 0.000000000000000 0.000000000000000
1.554419181171472 0.000000000000000 0.000000000000000
1.588118767769057 0.000000000000000 0.000000000000000
1.622333393832648 0.000000000000000 0.000000000000000
1.657062127573255 0.000000000000000 0.000000000000000
1.692304023200865 0.000000000000000 0.000000000000000
1.728058120950184 0.000000000000000 0.000000000000000
1.764323447106797 0.000000000000000 0.000000000000000
1.801099014033678 0.000000000000000 0.000000000000000
1.838383820198072 0.000000000000000 0.000000000000000
1.876176850198799 0.000000000000000 0.000000000000000
1.914477074793886 0.000000000000000 0.000000000000000
1.953283450928595 0.000000000000000 0.000000000000000
1.992594921763843 0.000000000000000 0.000000000000000
2.032410416704973 0.000000000000000 0.000000000000000
2.072728851430920 0.000000000000000 0.000000000000000
2.113549127923736 0.000000000000000 0.000000000000000
2.154870134498484 0.000000000000000 0.000000000000000
2.196690745833529 0.000000000000000 0.000000000000000
2.239009823001169 0.000000000000000 0.000000000000000
2.281826213498668 0.000000000000000 0.000000000000000
2.325138751279638 0.000000000000000 0.000000000000000
2.368946256785783 0.000000000000000 0.000000000000000
2.413247536979036 0.000000000000000 0.000000000000000
2.458041385374042 0.000000000000000 0.000000000000000
2.503326582071022 0.000000000000000 0.000000000000000
2.549101893788993 0.000000000000000 0.000000000000000
2.595366073899353 0.000000000000000 0.000000000000000
2.642117862459820 0.000000000000000 0.000000000000000
2.689355986248774 0.000000000000000 0.000000000000000
2.737079158799901 0.000000000000000 0.000000000000000
2.785286080437242 0.000000000000000 0.000000000000000
2.833975438310606 0.000000000000000 0.000000000000000
2.883145906431274 0.000000000000000 0.000000000000000
2.932796145708167 0.000000000000000 0.000000000000000
2.982924803984268 0.000000000000000 0.000000000000000
3.033530516073480 0.000000000000000 0.000000000000000
3.084611903797793 0.000000000000000 0.000000000000000
3.136167576024807 0.000000000000000 0.000000000000000
3.188196128705627 0.000000000000000 0.000000000000000
3.240696144913116 0.000000000000000 0.000000000000000
3.293666194880434 0.000000000000000 0.000000000000000
3.347104836040032 0.000000000000000 0.000000000000000
3.401010613062923 0.000000000000000 0.000000000000000
3.455382057898277 0.000000000000000 0.000000000000000
3.510217689813462 0.000000000000000 0.000000000000000
3.565516015434319 0.000000000000000 0.000000000000000
3.621275528785862 0.000000000000000 0.000000000000000
3.677494711333285 0.000000000000000 0.000000000000000
3.734172032023302 0.000000000000000 0.000000000000000
3.791305947325874 0.000000000000000 0.000000000000000
3.848894901276203 0.000000000000000 0.000000000000000
3.906937325517152 0.000000000000000 0.000000000000000
3.965431639341919 0.000000000000000 0.000000000000000
4.024376249737113 0.000000000000000 0.000000000000000
4.083769551426116 0.000000000000000 0.000000000000000
4.143609926912816 0.000000000000000 0.000000000000000
4.203895746525649 0.000000000000000 0.000000000000000
4.264625368461985 0.000000000000000 0.000000000000000
4.325797138832847 0.000000000000000 0.000000000000000
4.387409391707926 0.000000000000000 0.000000000000000
4.449460449160988 0.000000000000000 0.000000000000000
4.511948621315531 0.000000000000000 0.000000000000000
4.574872206390845 0.000000000000000 0.000000000000000
4.638229490748335 0.000000000000000 0.000000000000000
4.702018748938182 0.000000000000000 0.000000000000000
4.766238243746356 0.000000000000000 0.000000000000000
4.830886226241910 0.000000000000000 0.000000000000000
4.895960935824617 0.000000000000000 0.000000000000000
4.961460600272918 0.000000000000000 0.000000000000000
5.027383435792185 0.000000000000000 0.000000000000000
5.093727647063293 0.000000000000000 0.000000000000000
5.160491427291525 0.000000000000000 0.000000000000000
5.227672958255763 0.000000000000000 0.000000000000000
5.295270410358023 0.000000000000000 0.000000000000000
5.363281942673277 0.000000000000000 0.000000000000000
5.431705702999562 0.000000000000000 0.000000000000000
5.500539827908472 0.000000000000000 0.000000000000000
5.569782442795848 0.000000000000000 0.000000000000000
5.639431661932882 0.000000000000000 0.000000000000000
5.709485588517440 0.000000000000000 0.000000000000000
5.779942314725741 0.000000000000000 0.000000000000000
5.850799921764276 0.000000000000000 0.000000000000000
5.922056479922121 0.000000000000000 0.000000000000000
5.993710048623432 0.000000000000000 0.000000000000000
6.065758676480337 0.000000000000000 0.000000000000000
6.138200401346065 0.000000000000000 0.000000000000000
6.211033250368359 0.000000000000000 0.000000000000000
6.284255240043258 0.000000000000000 0.000000000000000
6.357864376269051 0.000000000000000 0.000000000000000
6.431858654400632 0.000000000000000 0.000000000000000
6.506236059304083 0.000000000000000 0.000000000000000
6.580994565411523 0.000000000000000 0.000000000000000
6.656132136776325 0.000000000000000 0.000000000000000
6.731646727128508 0.000000000000000 0.000000000000000
6.807536279930506 0.000000000000000 0.000000000000000
6.883798728433154 0.000000000000000 0.000000000000000
6.960431995731986 0.000000000000000 0.000000000000000
7.037433994823765 0.000000000000000 0.000000000000000
7.114802628663373 0.000000000000000 0.000000000000000
7.192535790220857 0.000000000000000 0.000000000000000
7.270631362538879 0.000000000000000 0.000000000000000
7.349087218790324 0.000000000000000 0.000000000000000
7.427901222336214 0.000000000000000 0.000000000000000
7.507071226783946 0.000000000000000 0.000000000000000
7.586595076045683 0.000000000000000 0.000000000000000
7.666470604397123 0.000000000000000 0.000000000000000
7.746695636536469 0.000000000000000 0.000000000000000
7.827267987643630 0.000000000000000 0.000000000000000
7.908185463439789 0.000000000000000 0.000000000000000
7.989445860247095 0.000000000000000 0.000000000000000
8.071046965048730 0.000000000000000 0.000000000000000
8.152986555549145 0.000000000000000 0.000000000000000
8.235262400234600 0.000000000000000 0.000000000000000
8.317872258433908 0.000000000000000 0.000000000000000
8.400813880379509 0.000000000000000 0.000000000000000
8.484085007268668 0.000000000000000 0.000000000000000
8.567683371325058 0.000000000000000 0.000000000000000
8.651606695860490 0.000000000000000 0.000000000000000
8.735852695336893 0.000000000000000 0.000000000000000
8.820419075428614 0.000000000000000 0.000000000000000
8.905303533084831 0.000000000000000 0.000000000000000
8.990503756592343 0.000000000000000 0.000000000000000
9.076017425638485 0.000000000000000 0.000000000000000
9.161842211374308 0.000000000000000 0.000000000000000
9.247975776478054 0.000000000000000 0.000000000000000
9.334415775218744 0.000000000000000 0.000000000000000
9.421159853520120 0.000000000000000 0.000000000000000
9.508205649024712 0.000000000000000 0.000000000000000
9.595550791158210 0.000000000000000 0.000000000000000
9.683192901193980 0.000000000000000 0.000000000000000
9.771129592317891 0.000000000000000 0.000000000000000
9.859358469693271 0.000000000000000 0.000000000000000
9.947877130526175 0.000000000000000 0.000000000000000
10.036683164130785 0.000000000000000 0.000000000000000
10.125774151995095 0.000000000000000 0.000000000000000
10.215147667846722 0.000000000000000 0.000000000000000
10.304801277719031 0.000000000000000 0.000000000000000
10.394732540017415 0.000000000000000 0.000000000000000
10.484939005585771 0.000000000000000 0.000000000000000
10.575418217773217 0.000000000000000 0.000000000000000
10.666167712500974 0.000000000000000 0.000000000000000
10.757185018329478 0.000000000000000 0.000000000000000
10.848467656525710 0.000000000000000 0.000000000000000
10.940013141130681 0.000000000000000 0.000000000000000
11.031818979027134 0.000000000000000 0.000000000000000
11.123882670007429 0.000000000000000 0.000000000000000
11.216201706841673 0.000000000000000 0.000000000000000
11.308773575345942 0.000000000000000 0.000000000000000
11.401595754450810 0.000000000000000 0.000000000000000
11.494665716269974 0.000000000000000 0.000000000000000
11.587980926169108 0.000000000000000 0.000000000000000
11.681538842834877 0.000000000000000 0.000000000000000
11.775336918344150 0.000000000000000 0.000000000000000
11.869372598233419 0.000000000000000 0.000000000000000
11.963643321568322 0.000000000000000 0.000000000000000
12.058146521013427 0.000000000000000 0.000000000000000
12.152879622902111 0.000000000000000 0.000000000000000
12.247840047306660 0.000000000000000 0.000000000000000
12.343025208108578 0.000000000000000 0.000000000000000
12.438432513068948 0.000000000000000 0.000000000000000
12.534059363899061 0.000000000000000 0.000000000000000
12.629903156331178 0.000000000000000 0.000000000000000
12.725961280189455 0.000000000000000 0.000000000000000
12.822231119461009 0.000000000000000 0.000000000000000
12.918710052367185 0.000000000000000 0.000000000000000
13.015395451434937 0.000000000000000 0.000000000000000
13.112284683568406 0.000000000000000 0.000000000000000
13.209375110120604 0.000000000000000 0.000000000000000
13.306664086965291 0.000000000000000 0.000000000000000
13.404148964568968 0.000000000000000 0.000000000000000
13.501827088063067 0.000000000000000 0.000000000000000
13.599695797316208 0.000000000000000 0.000000000000000
13.697752427006678 0.000000000000000 0.000000000000000
13.795994306694995 0.000000000000000 0.000000000000000
13.894418760896659 0.000000000000000 0.000000000000000
13.993023109154992 0.000000000000000 0.000000000000000
14.091804666114140 0.000000000000000 0.000000000000000
14.190760741592214 0.000000000000000 0.000000000000000
14.289888640654562 0.000000000000000 0.000000000000000
14.389185663687130 0.000000000000000 0.000000000000000
14.488649106470014 0.000000000000000 0.000000000000000
14.588276260251083 0.000000000000000 0.000000000000000
14.688064411819777 0.000000000000000 0.000000000000000
14.788010843580960 0.000000000000000 0.000000000000000
14.888112833628959 0.000000000000000 0.000000000000000
14.988367655821680 0.000000000000000 0.000000000000000
15.088772579854854 0.000000000000000 0.000000000000000
15.189324871336391 0.000000000000000 0.000000000000000
15.290021791860847 0.000000000000000 0.000000000000000
15.390860599083997 0.000000000000000 0.000000000000000
15.491838546797540 0.000000000000000 0.000000000000000
15.592952885003855 0.000000000000000 0.000000000000000
15.694200859990920 0.000000000000000 0.000000000000000
15.795579714407289 0.000000000000000 0.000000000000000
15.897086687337204 0.000000000000000 0.000000000000000
15.998719014375762 0.000000000000000 0.000000000000000
16.100473927704208 0.000000000000000 0.000000000000000
16.202348656165334 0.000000000000000 0.000000000000000
16.304340425338914 0.000000000000000 0.000000000000000
16.406446457617278 0.000000000000000 0.000000000000000
16.508663972280946 0.000000000000000 0.000000000000000
16.610990185574394 0.000000000000000 0.000000000000000
16.713422310781816 0.000000000000000 0.000000000000000
16.815957558303040 0.000000000000000 0.000000000000000
16.918593135729498 0.000000000000000 0.000000000000000
17.021326247920285 0.000000000000000 0.000000000000000
17.124154097078257 0.000000000000000 0.000000000000000
17.227073882826240 0.000000000000000 0.000000000000000
17.330082802283286 0.000000000000000 0.000000000000000
17.433178050141024 0.000000000000000 0.000000000000000
17.536356818740035 0.000000000000000 0.000000000000000
17.639616298146333 0.000000000000000 0.000000000000000
17.742953676227867 0.000000000000000 0.000000000000000
17.846366138731149 0.000000000000000 0.000000000000000
17.949850869357846 0.000000000000000 0.000000000000000
18.053405049841505 0.000000000000000 0.000000000000000
18.157025860024298 0.000000000000000 0.000000000000000
18.260710477933845 0.000000000000000 0.000000000000000
18.364456079860027 0.000000000000000 0.000000000000000
18.468259840431912 0.000000000000000 0.000000000000000
18.572118932694707 0.000000000000000 0.000000000000000
18.676030528186732 0.000000000000000 0.000000000000000
18.779991797016446 0.000000000000000 0.000000000000000
18.883999907939522 0.000000000000000 0.000000000000000
18.988052028435959 0.000000000000000 0.000000000000000
19.092145324787211 0.000000000000000 0.000000000000000
19.196276962153370 0.000000000000000 0.000000000000000
19.300444104650346 0.000000000000000 0.000000000000000
19.404643915427126 0.000000000000000 0.000000000000000
19.508873556743030 0.000000000000000 0.000000000000000
19.613130190044966 0.000000000000000 0.000000000000000
19.717410976044761 0.000000000000000 0.000000000000000
19.821713074796470 0.000000000000000 0.000000000000000
19.926033645773735 0.000000000000000 0.000000000000000
20.030369847947121 0.000000000000000 0.000000000000000
20.134718839861510 0.000000000000000 0.000000000000000
20.239077779713451 0.000000000000000 0.000000000000000
20.000000000000000 0.000000000000000 0.000000000000000
0.000000000000000 0.500589575519573 0.000000000000000
0.000000000000000 0.505305965771061 0.000000000000000
0.000000000000000 0.514737605504315 0.000000000000000
0.000000000000000 0.528882213455809 0.000000000000000
0.000000000000000 0.547736368420008 0.000000000000000
0.000000000000000 0.571295510076837 0.000000000000000
0.000000000000000 0.599553940094726 0.000000000000000
0.000000000000000 0.632504823508874 0.000000000000000
0.000000000000000 0.670140190374454 0.000000000000000
0.000000000000000 0.712450937694321 0.000000000000000
0.000000000000000 0.759426831620793 0.000000000000000
0.000000000000000 0.811056509930943 0.000000000000000
0.000000000000000 0.867327484774819 0.000000000000000
0.000000000000000 0.928226145695938 0.000000000000000
0.000000000000000 0.993737762923260 0.000000000000000
0.000000000000000 1.063846490933980 0.000000000000000
0.000000000000000 1.138535372286089 0.000000000000000
0.000000000000000 1.217786341719961 0.000000000000000
0.000000000000000 1.301580230527847 0.000000000000000
0.000000000000000 1.389896771190291 0.000000000000000
0.000000000000000 1.482714602278275 0.000000000000000
0.000000000000000 1.580011273620027 0.000000000000000
0.000000000000000 1.681763251731081 0.000000000000000
0.000000000000000 1.787945925506428 0.000000000000000
0.000000000000000 1.898533612173274 0.000000000000000
0.000000000000000 2.013499563503029 0.000000000000000
0.000000000000000 2.132815972281012 0.000000000000000
0.000000000000000 2.256453979032234 0.000000000000000
0.000000000000000 2.384383679001782 0.000000000000000
0.000000000000000 2.516574129387969 0.000000000000000
0.000000000000000 2.652993356826578 0.000000000000000
0.000000000000000 2.793608365124360 0.000000000000000
0.000000000000000 2.938385143239977 0.000000000000000
0.000000000000000 3.087288673510312 0.000000000000000
0.000000000000000 3.240282940120366 0.000000000000000
0.000000000000000 3.397330937814495 0.000000000000000
0.000000000000000 3.558394680847016 0.000000000000000
0.000000000000000 3.723435212169957 0.000000000000000
0.000000000000000 3.892412612855711 0.000000000000000
0.000000000000000 4.065286011752377 0.000000000000000
0.000000000000000 4.242013595369427 0.000000000000000
0.000000000000000 4.422552617991242 0.000000000000000
0.000000000000000 4.606859412016203 0.000000000000000
0.000000000000000 4.794889398518704 0.000000000000000
0.000000000000000 4.986597098031625 0.000000000000000
0.000000000000000 5.181936141546602 0.000000000000000
0.000000000000000 5.380859281729453 0.000000000000000
0.000000000000000 5.583318404348066 0.000000000000000
0.000000000000000 5.789264539909968 0.000000000000000
0.000000000000000 5.998647875506711 0.000000000000000
0.000000000000000 6.211417766862324 0.000000000000000
0.000000000000000 6.427522750582810 0.000000000000000
0.000000000000000 6.646910556603776 0.000000000000000
0.000000000000000 6.869528120833174 0.000000000000000
0.000000000000000 7.095321597986098 0.000000000000000
0.000000000000000 7.324236374608544 0.000000000000000
0.000000000000000 7.556217082286931 0.000000000000000
0.000000000000000 7.791207611040271 0.000000000000000
0.000000000000000 8.029151122891667 0.000000000000000
0.000000000000000 8.269990065615954 0.000000000000000
0.000000000000000 8.513666186659997 0.000000000000000
0.000000000000000 8.760120547232477 0.000000000000000
0.000000000000000 9.009293536559619 0.000000000000000
0.000000000000000 9.261124886303447 0.000000000000000
0.000000000000000 9.515553685139100 0.000000000000000
0.000000000000000 9.772518393487665 0.000000000000000
0.000000000000000 10.031956858400971 0.000000000000000
0.000000000000000 10.293806328594750 0.000000000000000
0.000000000000000 10.558003469626485 0.000000000000000
0.000000000000000 10.824484379214336 0.000000000000000
0.000000000000000 11.093184602693448 0.000000000000000
0.000000000000000 11.364039148605759 0.000000000000000
0.000000000000000 11.636982504419761 0.000000000000000
0.000000000000000 11.911948652376218 0.000000000000000
0.000000000000000 12.188871085456121 0.000000000000000
0.000000000000000 12.467682823466983 0.000000000000000
0.000000000000000 12.748316429243545 0.000000000000000
0.000000000000000 13.030704024959050 0.000000000000000
0.000000000000000 13.314777308543110 0.000000000000000
0.000000000000000 13.600467570202129 0.000000000000000
0.000000000000000 13.887705709038398 0.000000000000000
0.000000000000000 14.176422249763785 0.000000000000000
0.000000000000000 14.466547359503927 0.000000000000000
0.000000000000000 14.758010864688986 0.000000000000000
0.000000000000000 15.050742268026760 0.000000000000000
0.000000000000000 15.344670765554099 0.000000000000000
0.000000000000000 15.639725263762532 0.000000000000000
0.000000000000000 15.935834396793872 0.000000000000000
0.000000000000000 16.232926543701737 0.000000000000000
0.000000000000000 16.530929845774768 0.000000000000000
0.000000000000000 16.829772223917328 0.000000000000000
0.000000000000000 17.129381396083531 0.000000000000000
0.000000000000000 17.429684894760364 0.000000000000000
0.000000000000000 17.730610084495627 0.000000000000000
0.000000000000000 18.032084179466548 0.000000000000000
0.000000000000000 18.334034261084742 0.000000000000000
0.000000000000000 18.636387295633273 0.000000000000000
0.000000000000000 18.939070151931571 0.000000000000000
0.000000000000000 19.242009619023939 0.000000000000000
0.000000000000000 20.000000000000000 0.000000000000000
0.400000000000000 0.000604692840589 0.000000000000000
0.400000000000000 0.005442016175447 0.000000000000000
0.400000000000000 0.015115492824936 0.000000000000000
0.400000000000000 0.029622783031598 0.000000000000000
0.400000000000000 0.048960377866674 0.000000000000000
0.400000000000000 0.073123600078805 0.000000000000000
0.400000000000000 0.102106605225359 0.000000000000000
0.400000000000000 0.135902383086023 0.000000000000000
0.400000000000000 0.174502759358415 0.000000000000000
0.400000000000000 0.217898397635203 0.000000000000000
0.400000000000000 0.266078801662349 0.000000000000000
0.400000000000000 0.319032317877891 0.000000000000000
0.400000000000000 0.376746138230583 0.000000000000000
0.400000000000000 0.439206303277885 0.000000000000000
0.400000000000000 0.506397705562318 0.000000000000000
0.400000000000000 0.578304093265622 0.000000000000000
0.400000000000000 0.654908074139581 0.000000000000000
0.400000000000000 0.736191119712782 0.000000000000000
0.400000000000000 0.822133569772152 0.000000000000000
0.400000000000000 0.912714637118246 0.000000000000000
0.400000000000000 1.007912412593100 0.000000000000000
0.400000000000000 1.107703870379517 0.000000000000000
0.400000000000000 1.212064873570341 0.000000000000000
0.400000000000000 1.320970180006590 0.000000000000000
0.400000000000000 1.434393448382846 0.000000000000000
0.400000000000000 1.552307244618490 0.000000000000000
0.400000000000000 1.674683048493343 0.000000000000000
0.400000000000000 1.801491260545880 0.000000000000000
0.400000000000000 1.932701209232597 0.000000000000000
0.400000000000000 2.068281158346636 0.000000000000000
0.400000000000000 2.208198314693924 0.000000000000000
0.400000000000000 2.352418836024984 0.000000000000000
0.400000000000000 2.500907839220488 0.000000000000000
0.400000000000000 2.653629408728523 0.000000000000000
0.400000000000000 2.810546605251655 0.000000000000000
0.400000000000000 2.971621474681534 0.000000000000000
0.400000000000000 3.136815057278991 0.000000000000000
0.400000000000000 3.306087397097393 0.000000000000000
0.400000000000000 3.479397551646883 0.000000000000000
0.400000000000000 3.656703601797311 0.000000000000000
0.400000000000000 3.837962661917359 0.000000000000000
0.400000000000000 4.023130890247428 0.000000000000000
0.400000000000000 4.212163499503799 0.000000000000000
0.400000000000000 4.405014767711490 0.000000000000000
0.400000000000000 4.601638049263206 0.000000000000000
0.400000000000000 4.801985786201644 0.000000000000000
0.400000000000000 5.006009519722516 0.000000000000000
0.400000000000000 5.213659901895454 0.000000000000000
0.400000000000000 5.424886707599967 0.000000000000000
0.400000000000000 5.639638846673549 0.000000000000000
0.400000000000000 5.857864376269051 0.000000000000000
0.400000000000000 6.079510513418267 0.000000000000000
0.400000000000000 6.304523647798746 0.000000000000000
0.400000000000000 6.532849354700691 0.000000000000000
0.400000000000000 6.764432408190871 0.000000000000000
0.400000000000000 6.999216794470302 0.000000000000000
0.400000000000000 7.237145725422494 0.000000000000000
0.400000000000000 7.478161652348996 0.000000000000000
0.400000000000000 7.722206279888891 0.000000000000000
0.400000000000000 7.969220580118927 0.000000000000000
0.400000000000000 8.219144806830766 0.000000000000000
0.400000000000000 8.471918509982029 0.000000000000000
0.400000000000000 8.727480550317559 0.000000000000000
0.400000000000000 8.985769114157382 0.000000000000000
0.400000000000000 9.246721728347795 0.000000000000000
0.400000000000000 9.510275275371963 0.000000000000000
0.400000000000000 9.776366008616380 0.000000000000000
0.400000000000000 10.044929567789486 0.000000000000000
0.400000000000000 10.315900994488702 0.000000000000000
0.400000000000000 10.589214747912139 0.000000000000000
0.400000000000000 10.864804720711229 0.000000000000000
0.400000000000000 11.142604254980267 0.000000000000000
0.400000000000000 11.422546158379243 0.000000000000000
0.400000000000000 11.704562720385866 0.000000000000000
0.400000000000000 11.988585728672945 0.000000000000000
0.400000000000000 12.274546485607161 0.000000000000000
0.400000000000000 12.562375824865173 0.000000000000000
0.400000000000000 12.852004128163127 0.000000000000000
0.400000000000000 13.143361342095497 0.000000000000000
0.400000000000000 13.436376995079106 0.000000000000000
0.400000000000000 13.730980214398357 0.000000000000000
0.400000000000000 14.027099743347470 0.000000000000000
0.400000000000000 14.324663958465568 0.000000000000000
0.400000000000000 14.623600886860498 0.000000000000000
0.400000000000000 14.923838223617189 0.000000000000000
0.400000000000000 15.225303349286255 0.000000000000000
0.400000000000000 15.527923347448752 0.000000000000000
0.400000000000000 15.831625022352689 0.000000000000000
0.400000000000000 16.136334916617166 0.000000000000000
0.400000000000000 16.441979328999761 0.000000000000000
0.400000000000000 16.748484332222901 0.000000000000000
0.400000000000000 17.055775790854906 0.000000000000000
0.400000000000000 17.363779379241397 0.000000000000000
0.400000000000000 17.672420599482695 0.000000000000000
0.400000000000000 17.981624799452870 0.000000000000000
0.400000000000000 18.291317190856148 0.000000000000000
0.400000000000000 18.601422867316177 0.000000000000000
0.400000000000000 18.911866822493916 0.000000000000000
0.400000000000000 19.222573968229682 0.000000000000000
0.400000000000000 20.000000000000000 0.000000000000000
0.600000000000000 0.000604692840589 0.000000000000000
0.600000000000000 0.005442016175447 0.000000000000000
0.600000000000000 0.015115492824936 0.000000000000000
0.600000000000000 0.029622783031598 0.000000000000000
0.600000000000000 0.048960377866674 0.000000000000000
0.600000000000000 0.073123600078805 0.000000000000000
0.600000000000000 0.102106605225359 0.000000000000000
0.600000000000000 0.135902383086023 0.000000000000000
0.600000000000000 0.174502759358415 0.000000000000000
0.600000000000000 0.217898397635203 0.000000000000000
0.600000000000000 0.266078801662349 0.000000000000000
0.600000000000000 0.319032317877891 0.000000000000000
0.600000000000000 0.376746138230583 0.000000000000000
0.600000000000000 0.439206303277885 0.000000000000000
0.600000000000000 0.506397705562318 0.000000000000000
0.600000000000000 0.578304093265622 0.000000000000000
0.600000000000000 0.654908074139581 0.000000000000000
0.600000000000000 0.736191119712782 0.000000000000000
0.600000000000000 0.822133569772152 0.000000000000000
0.600000000000000 0.912714637118246 0.000000000000000
0.600000000000000 1.007912412593100 0.000000000000000
0.600000000000000 1.107703870379517 0.000000000000000
0.600000000000000 1.212064873570341 0.000000000000000
0.600000000000000 1.320970180006590 0.000000000000000
0.600000000000000 1.434393448382846 0.000000000000000
0.600000000000000 1.552307244618490 0.000000000000000
0.600000000000000 1.674683048493343 0.000000000000000
0.600000000000000 1.801491260545880 0.000000000000000
0.600000000000000 1.932701209232597 0.000000000000000
0.600000000000000 2.068281158346636 0.000000000000000
0.600000000000000 2.208198314693924 0.000000000000000
0.600000000000000 2.352418836024984 0.000000000000000
0.600000000000000 2.500907839220488 0.000000000000000
0.600000000000000 2.653629408728523 0.000000000000000
0.600000000000000 2.810546605251655 0.000000000000000
0.600000000000000 2.971621474681534 0.000000000000000
0.600000000000000 3.136815057278991 0.000000000000000
0.600000000000000 3.306087397097393 0.000000000000000
0.600000000000000 3.479397551646883 0.000000000000000
0.600000000000000 3.656703601797311 0.000000000000000
0.600000000000000 3.837962661917359 0.000000000000000
0.600000000000000 4.023130890247428 0.000000000000000
0.600000000000000 4.212163499503799 0.000000000000000
0.600000000000000 4.405014767711490 0.000000000000000
0.600000000000000 4.601638049263206 0.000000000000000
0.600000000000000 4.801985786201644 0.000000000000000
0.600000000000000 5.006009519722516 0.000000000000000
0.600000000000000 5.213659901895454 0.000000000000000
0.600000000000000 5.424886707599967 0.000000000000000
0.600000000000000 5.639638846673549 0.000000000000000
0.600000000000000 5.857864376269051 0.000000000000000
0.600000000000000 6.079510513418267 0.000000000000000
0.600000000000000 6.304523647798746 0.000000000000000
0.600000000000000 6.532849354700691 0.000000000000000
0.600000000000000 6.764432408190871 0.000000000000000
0.600000000000000 6.999216794470302 0.000000000000000
0.600000000000000 7.237145725422494 0.000000000000000
0.600000000000000 7.478161652348996 0.000000000000000
0.600000000000000 7.722206279888891 0.000000000000000
0.600000000000000 7.969220580118927 0.000000000000000
0.600000000000000 8.219144806830766 0.000000000000000
0.600000000000000 8.471918509982029 0.000000000000000
0.600000000000000 8.727480550317559 0.000000000000000
0.600000000000000 8.985769114157382 0.000000000000000
0.600000000000000 9.246721728347795 0.000000000000000
0.600000000000000 9.510275275371963 0.000000000000000
0.600000000000000 9.776366008616380 0.000000000000000
0.600000000000000 10.044929567789486 0.000000000000000
0.600000000000000 10.315900994488702 0.000000000000000
0.600000000000000 10.589214747912139 0.000000000000000
0.600000000000000 10.864804720711229 0.000000000000000
0.600000000000000 11.142604254980267 0.000000000000000
0.600000000000000 11.422546158379243 0.000000000000000
0.600000000000000 11.704562720385866 0.000000000000000
0.600000000000000 11.988585728672945 0.000000000000000
0.600000000000000 12.274546485607161 0.000000000000000
0.600000000000000 12.562375824865173 0.000000000000000
0.600000000000000 12.852004128163127 0.000000000000000
0.600000000000000 13.143361342095497 0.000000000000000
0.600000000000000 13.436376995079106 0.000000000000000
0.600000000000000 13.730980214398357 0.000000000000000
0.600000000000000 14.027099743347470 0.000000000000000
0.600000000000000 14.324663958465568 0.000000000000000
0.600000000000000 14.623600886860498 0.000000000000000
0.600000000000000 14.923838223617189 0.000000000000000
0.600000000000000 15.225303349286255 0.000000000000000
0.600000000000000 15.527923347448752 0.000000000000000
0.600000000000000 15.831625022352689 0.000000000000000
0.600000000000000 16.136334916617166 0.000000000000000
0.600000000000000 16.441979328999761 0.000000000000000
0.600000000000000 16.748484332222901 0.000000000000000
0.600000000000000 17.055775790854906 0.000000000000000
0.600000000000000 17.363779379241397 0.000000000000000
0.600000000000000 17.672420599482695 0.000000000000000
0.600000000000000 17.981624799452870 0.000000000000000
0.600000000000000 18.291317190856148 0.000000000000000
0.600000000000000 18.601422867316177 0.000000000000000
0.600000000000000 18.911866822493916 0.000000000000000
0.600000000000000 19.222573968229682 0.000000000000000
0.600000000000000 20.000000000000000 0.000000000000000
0.800000000000000 0.000604692840589 0.000000000000000
0.800000000000000 0.005442016175447 0.000000000000000
0.800000000000000 0.015115492824936 0.000000000000000
0.800000000000000 0.029622783031598 0.000000000000000
0.800000000000000 0.048960377866674 0.000000000000000
0.800000000000000 0.073123600078805 0.000000000000000
0.800000000000000 0.102106605225359 0.000000000000000
0.800000000000000 0.135902383086023 0.000000000000000
0.800000000000000 0.174502759358415 0.000000000000000
0.800000000000000 0.217898397635203 0.000000000000000
0.800000000000000 0.266078801662349 0.000000000000000
0.800000000000000 0.319032317877891 0.000000000000000
0.800000000000000 0.376746138230583 0.000000000000000
0.800000000000000 0.439206303277885 0.000000000000000
0.800000000000000 0.506397705562318 0.000000000000000
0.800000000000000 0.578304093265622 0.000000000000000
0.800000000000000 0.654908074139581 0.000000000000000
0.800000000000000 0.736191119712782 0.000000000000000
0.800000000000000 0.822133569772152 0.000000000000000
0.800000000000000 0.912714637118246 0.000000000000000
0.800000000000000 1.007912412593100 0.000000000000000
0.800000000000000 1.107703870379517 0.000000000000000
0.800000000000000 1.212064873570341 0.000000000000000
0.800000000000000 1.320970180006590 0.000000000000000
0.800000000000000 1.434393448382846 0.000000000000000
0.800000000000000 1.552307244618490 0.000000000000000
0.800000000000000 1.674683048493343 0.000000000000000
0.800000000000000 1.801491260545880 0.000000000000000
0.800000000000000 1.932701209232597 0.000000000000000
0.800000000000000 2.068281158346636 0.000000000000000
0.800000000000000 2.208198314693924 0.000000000000000
0.800000000000000 2.352418836024984 0.000000000000000
0.800000000000000 2.500907839220488 0.000000000000000
0.800000000000000 2.653629408728523 0.000000000000000
0.800000000000000 2.810546605251655 0.000000000000000
0.800000000000000 2.971621474681534 0.000000000000000
0.800000000000000 3.136815057278991 0.000000000000000
0.800000000000000 3.306087397097393 0.000000000000000
0.800000000000000 3.479397551646883 0.000000000000000
0.800000000000000 3.656703601797311 0.000000000000000
0.800000000000000 3.837962661917359 0.000000000000000
0.800000000000000 4.023130890247428 0.000000000000000
0.800000000000000 4.212163499503799 0.000000000000000
0.800000000000000 4.405014767711490 0.000000000000000
0.800000000000000 4.601638049263206 0.000000000000000
0.800000000000000 4.801985786201644 0.000000000000000
0.800000000000000 5.006009519722516 0.000000000000000
0.800000000000000 5.213659901895454 0.000000000000000
0.800000000000000 5.424886707599967 0.000000000000000
0.800000000000000 5.639638846673549 0.000000000000000
0.800000000000000 5.857864376269051 0.000000000000000
0.800000000000000 6.079510513418267 0.000000000000000
0.800000000000000 6.304523647798746 0.000000000000000
0.800000000000000 6.532849354700691 0.000000000000000
0.800000000000000 6.764432408190871 0.000000000000000
0.800000000000000 6.999216794470302 0.000000000000000
0.800000000000000 7.237145725422494 0.000000000000000
0.800000000000000 7.478161652348996 0.000000000000000
0.800000000000000 7.722206279888891 0.000000000000000
0.800000000000000 7.969220580118927 0.000000000000000
0.800000000000000 8.219144806830766 0.000000000000000
0.800000000000000 8.471918509982029 0.000000000000000
0.800000000000000 8.727480550317559 0.000000000000000
0.800000000000000 8.985769114157382 0.000000000000000
0.800000000000000 9.246721728347795 0.000000000000000
0.800000000000000 9.510275275371963 0.000000000000000
0.800000000000000 9.776366008616380 0.000000000000000
0.800000000000000 10.044929567789486 0.000000000000000
0.800000000000000 10.315900994488702 0.000000000000000
0.800000000000000 10.589214747912139 0.000000000000000
0.800000000000000 10.864804720711229 0.000000000000000
0.800000000000000 11.142604254980267 0.000000000000000
0.800000000000000 11.422546158379243 0.000000000000000
0.800000000000000 11.704562720385866 0.000000000000000
0.800000000000000 11.988585728672945 0.000000000000000
0.800000000000000 12.274546485607161 0.000000000000000
0.800000000000000 12.562375824865173 0.000000000000000
0.800000000000000 12.852004128163127 0.000000000000000
0.800000000000000 13.143361342095497 0.000000000000000
0.800000000000000 13.436376995079106 0.000000000000000
0.800000000000000 13.730980214398357 0.000000000000000
0.800000000000000 14.027099743347470 0.000000000000000
0.800000000000000 14.324663958465568 0.000000000000000
0.800000000000000 14.623600886860498 0.000000000000000
0.800000000000000 14.923838223617189 0.000000000000000
0.800000000000000 15.225303349286255 0.000000000000000
0.800000000000000 15.527923347448752 0.000000000000000
0.800000000000000 15.831625022352689 0.000000000000000
0.800000000000000 16.136334916617166 0.000000000000000
0.800000000000000 16.441979328999761 0.000000000000000
0.800000000000000 16.748484332222901 0.000000000000000
0.800000000000000 17.055775790854906 0.000000000000000
0.800000000000000 17.363779379241397 0.000000000000000
0.800000000000000 17.672420599482695 0.000000000000000
0.800000000000000 17.981624799452870 0.000000000000000
0.800000000000000 18.291317190856148 0.000000000000000
0.800000000000000 18.601422867316177 0.000000000000000
0.800000000000000 18.911866822493916 0.000000000000000
0.800000000000000 19.222573968229682 0.000000000000000
0.800000000000000 20.000000000000000 0.000000000000000
2.400000000000000 0.000604692840589 0.000000000000000
2.400000000000000 0.005442016175447 0.000000000000000
2.400000000000000 0.015115492824936 0.000000000000000
2.400000000000000 0.029622783031598 0.000000000000000
2.400000000000000 0.048960377866674 0.000000000000000
2.400000000000000 0.073123600078805 0.000000000000000
2.400000000000000 0.102106605225359 0.000000000000000
2.400000000000000 0.135902383086023 0.000000000000000
2.400000000000000 0.174502759358415 0.000000000000000
2.400000000000000 0.217898397635203 0.000000000000000
2.400000000000000 0.266078801662349 0.000000000000000
2.400000000000000 0.319032317877891 0.000000000000000
2.400000000000000 0.376746138230583 0.000000000000000
2.400000000000000 0.439206303277885 0.000000000000000
2.400000000000000 0.506397705562318 0.000000000000000
2.400000000000000 0.578304093265622 0.000000000000000
2.400000000000000 0.654908074139581 0.000000000000000
2.400000000000000 0.736191119712782 0.000000000000000
2.400000000000000 0.822133569772152 0.000000000000000
2.400000000000000 0.912714637118246 0.000000000000000
2.400000000000000 1.007912412593100 0.000000000000000
2.400000000000000 1.107703870379517 0.000000000000000
2.400000000000000 1.212064873570341 0.000000000000000
2.400000000000000 1.320970180006590 0.000000000000000
2.400000000000000 1.434393448382846 0.000000000000000
2.400000000000000 1.552307244618490 0.000000000000000
2.400000000000000 1.674683048493343 0.000000000000000
2.400000000000000 1.801491260545880 0.000000000000000
2.400000000000000 1.932701209232597 0.000000000000000
2.400000000000000 2.068281158346636 0.000000000000000
2.400000000000000 2.208198314693924 0.000000000000000
2.400000000000000 2.352418836024984 0.000000000000000
2.400000000000000 2.500907839220488 0.000000000000000
2.400000000000000 2.653629408728523 0.000000000000000
2.400000000000000 2.810546605251655 0.000000000000000
2.400000000000000 2.971621474681534 0.000000000000000
2.400000000000000 3.136815057278991 0.000000000000000
2.400000000000000 3.306087397097393 0.000000000000000
2.400000000000000 3.479397551646883 0.000000000000000
2.400000000000000 3.656703601797311 0.000000000000000
2.400000000000000 3.837962661917359 0.000000000000000
2.400000000000000 4.023130890247428 0.000000000000000
2.400000000000000 4.212163499503799 0.000000000000000
2.400000000000000 4.405014767711490 0.000000000000000
2.400000000000000 4.601638049263206 0.000000000000000
2.400000000000000 4.801985786201644 0.000000000000000
2.400000000000000 5.006009519722516 0.000000000000000
2.400000000000000 5.213659901895454 0.000000000000000
2.400000000000000 5.424886707599967 0.000000000000000
2.400000000000000 5.639638846673549 0.000000000000000
2.400000000000000 5.857864376269051 0.000000000000000
2.400000000000000 6.079510513418267 0.000000000000000
2.400000000000000 6.304523647798746 0.000000000000000
2.400000000000000 6.532849354700691 0.000000000000000
2.400000000000000 6.764432408190871 0.000000000000000
2.400000000000000 6.999216794470302 0.000000000000000
2.400000000000000 7.237145725422494 0.000000000000000
2.400000000000000 7.478161652348996 0.000000000000000
2.400000000000000 7.722206279888891 0.000000000000000
2.400000000000000 7.969220580118927 0.000000000000000
2.400000000000000 8.219144806830766 0.000000000000000
2.400000000000000 8.471918509982029 0.000000000000000
2.400000000000000 8.727480550317559 0.000000000000000
2.400000000000000 8.985769114157382 0.000000000000000
2.400000000000000 9.246721728347795 0.000000000000000
2.400000000000000 9.510275275371963 0.000000000000000
2.400000000000000 9.776366008616380 0.000000000000000
2.400000000000000 10.044929567789486 0.000000000000000
2.400000000000000 10.315900994488702 0.000000000000000
2.400000000000000 10.589214747912139 0.000000000000000
2.400000000000000 10.864804720711229 0.000000000000000
2.400000000000000 11.142604254980267 0.000000000000000
2.400000000000000 11.422546158379243 0.000000000000000
2.400000000000000 11.704562720385866 0.000000000000000
2.400000000000000 11.988585728672945 0.000000000000000
2.400000000000000 12.274546485607161 0.000000000000000
2.400000000000000 12.562375824865173 0.000000000000000
2.400000000000000 12.852004128163127 0.000000000000000
2.400000000000000 13.143361342095497 0.000000000000000
2.400000000000000 13.436376995079106 0.000000000000000
2.400000000000000 13.730980214398357 0.000000000000000
2.400000000000000 14.027099743347470 0.000000000000000
2.400000000000000 14.324663958465568 0.000000000000000
2.400000000000000 14.623600886860498 0.000000000000000
2.400000000000000 14.923838223617189 0.000000000000000
2.400000000000000 15.225303349286255 0.000000000000000
2.400000000000000 15.527923347448752 0.000000000000000
2.400000000000000 15.831625022352689 0.000000000000000
2.400000000000000 16.136334916617166 0.000000000000000
2.400000000000000 16.441979328999761 0.000000000000000
2.400000000000000 16.748484332222901 0.000000000000000
2.400000000000000 17.055775790854906 0.000000000000000
2.400000000000000 17.363779379241397 0.000000000000000
2.400000000000000 17.672420599482695 0.000000000000000
2.400000000000000 17.981624799452870 0.000000000000000
2.400000000000000 18.291317190856148 0.000000000000000
2.400000000000000 18.601422867316177 0.000000000000000
2.400000000000000 18.911866822493916 0.000000000000000
2.400000000000000 19.222573968229682 0.000000000000000
2.400000000000000 20.000000000000000 0.000000000000000
3.000000000000000 0.000604692840589 0.000000000000000
3.000000000000000 0.005442016175447 0.000000000000000
3.000000000000000 0.015115492824936 0.000000000000000
3.000000000000000 0.029622783031598 0.000000000000000
3.000000000000000 0.048960377866674 0.000000000000000
3.000000000000000 0.073123600078805 0.000000000000000
3.000000000000000 0.102106605225359 0.000000000000000
3.000000000000000 0.135902383086023 0.000000000000000
3.000000000000000 0.174502759358415 0.000000000000000
3.000000000000000 0.217898397635203 0.000000000000000
3.000000000000000 0.266078801662349 0.000000000000000
3.000000000000000 0.319032317877891 0.000000000000000
3.000000000000000 0.376746138230583 0.000000000000000
3.000000000000000 0.439206303277885 0.000000000000000
3.000000000000000 0.506397705562318 0.000000000000000
3.000000000000000 0.578304093265622 0.000000000000000
3.000000000000000 0.654908074139581 0.000000000000000
3.000000000000000 0.736191119712782 0.000000000000000
3.000000000000000 0.822133569772152 0.000000000000000
3.000000000000000 0.912714637118246 0.000000000000000
3.000000000000000 1.007912412593100 0.000000000000000
3.000000000000000 1.107703870379517 0.000000000000000
3.000000000000000 1.212064873570341 0.000000000000000
3.000000000000000 1.320970180006590 0.000000000000000
3.000000000000000 1.434393448382846 0.000000000000000
3.000000000000000 1.552307244618490 0.000000000000000
3.000000000000000 1.674683048493343 0.000000000000000
3.000000000000000 1.801491260545880 0.000000000000000
3.000000000000000 1.932701209232597 0.000000000000000
3.000000000000000 2.068281158346636 0.000000000000000
3.000000000000000 2.208198314693924 0.000000000000000
3.000000000000000 2.352418836024984 0.000000000000000
3.000000000000000 2.500907839220488 0.000000000000000
3.000000000000000 2.653629408728523 0.000000000000000
3.000000000000000 2.810546605251655 0.000000000000000
3.000000000000000 2.971621474681534 0.000000000000000
3.000000000000000 3.136815057278991 0.000000000000000
3.000000000000000 3.306087397097393 0.000000000000000
3.000000000000000 3.479397551646883 0.000000000000000
3.000000000000000 3.656703601797311 0.000000000000000
3.000000000000000 3.837962661917359 0.000000000000000
3.000000000000000 4.023130890247428 0.000000000000000
3.000000000000000 4.212163499503799 0.000000000000000
3.000000000000000 4.405014767711490 0.000000000000000
3.000000000000000 4.601638049263206 0.000000000000000
3.000000000000000 4.801985786201644 0.000000000000000
3.000000000000000 5.006009519722516 0.000000000000000
3.000000000000000 5.213659901895454 0.000000000000000
3.000000000000000 5.424886707599967 0.000000000000000
3.000000000000000 5.639638846673549 0.000000000000000
3.000000000000000 5.857864376269051 0.000000000000000
3.000000000000000 6.079510513418267 0.000000000000000
3.000000000000000 6.304523647798746 0.000000000000000
3.000000000000000 6.532849354700691 0.000000000000000
3.000000000000000 6.764432408190871 0.000000000000000
3.000000000000000 6.999216794470302 0.000000000000000
3.000000000000000 7.237145725422494 0.000000000000000
3.000000000000000 7.478161652348996 0.000000000000000
3.000000000000000 7.722206279888891 0.000000000000000
3.000000000000000 7.969220580118927 0.000000000000000
3.000000000000000 8.219144806830766 0.000000000000000
3.000000000000000 8.471918509982029 0.000000000000000
3.000000000000000 8.727480550317559 0.000000000000000
3.000000000000000 8.985769114157382 0.000000000000000
3.000000000000000 9.246721728347795 0.000000000000000
3.000000000000000 9.510275275371963 0.000000000000000
3.000000000000000 9.776366008616380 0.000000000000000
3.000000000000000 10.044929567789486 0.000000000000000
3.000000000000000 10.315900994488702 0.000000000000000
3.000000000000000 10.589214747912139 0.000000000000000
3.000000000000000 10.864804720711229 0.000000000000000
3.000000000000000 11.142604254980267 0.000000000000000
3.000000000000000 11.422546158379243 0.000000000000000
3.000000000000000 11.704562720385866 0.000000000000000
3.000000000000000 11.988585728672945 0.000000000000000
3.000000000000000 12.274546485607161 0.000000000000000
3.000000000000000 12.562375824865173 0.000000000000000
3.000000000000000 12.852004128163127 0.000000000000000
3.000000000000000 13.143361342095497 0.000000000000000
3.000000000000000 13.436376995079106 0.000000000000000
3.000000000000000 13.730980214398357 0.000000000000000
3.000000000000000 14.027099743347470 0.000000000000000
3.000000000000000 14.324663958465568 0.000000000000000
3.000000000000000 14.623600886860498 0.000000000000000
3.000000000000000 14.923838223617189 0.000000000000000
3.000000000000000 15.225303349286255 0.000000000000000
3.000000000000000 15.527923347448752 0.000000000000000
3.000000000000000 15.831625022352689 0.000000000000000
3.000000000000000 16.136334916617166 0.000000000000000
3.000000000000000 16.441979328999761 0.000000000000000
3.000000000000000 16.748484332222901 0.000000000000000
3.000000000000000 17.055775790854906 0.000000000000000
3.000000000000000 17.363779379241397 0.000000000000000
3.000000000000000 17.672420599482695 0.000000000000000
3.000000000000000 17.981624799452870 0.000000000000000
3.000000000000000 18.291317190856148 0.000000000000000
3.000000000000000 18.601422867316177 0.000000000000000
3.000000000000000 18.911866822493916 0.000000000000000
3.000000000000000 19.222573968229682 0.000000000000000
3.000000000000000 20.000000000000000 0.000000000000000
4.000000000000000 0.000604692840589 0.000000000000000
4.000000000000000 0.005442016175447 0.000000000000000
4.000000000000000 0.015115492824936 0.000000000000000
4.000000000000000 0.029622783031598 0.000000000000000
4.000000000000000 0.048960377866674 0.000000000000000
4.000000000000000 0.073123600078805 0.000000000000000
4.000000000000000 0.102106605225359 0.000000000000000
4.000000000000000 0.135902383086023 0.000000000000000
4.000000000000000 0.174502759358415 0.000000000000000
4.000000000000000 0.217898397635203 0.000000000000000
4.000000000000000 0.266078801662349 0.000000000000000
4.000000000000000 0.319032317877891 0.000000000000000
4.000000000000000 0.376746138230583 0.000000000000000
4.000000000000000 0.439206303277885 0.000000000000000
4.000000000000000 0.506397705562318 0.000000000000000
4.000000000000000 0.578304093265622 0.000000000000000
4.000000000000000 0.654908074139581 0.000000000000000
4.000000000000000 0.736191119712782 0.000000000000000
4.000000000000000 0.822133569772152 0.000000000000000
4.000000000000000 0.912714637118246 0.000000000000000
4.000000000000000 1.007912412593100 0.000000000000000
4.000000000000000 1.107703870379517 0.000000000000000
4.000000000000000 1.212064873570341 0.000000000000000
4.000000000000000 1.320970180006590 0.000000000000000
4.000000000000000 1.434393448382846 0.000000000000000
4.000000000000000 1.552307244618490 0.000000000000000
4.000000000000000 1.674683048493343 0.000000000000000
4.000000000000000 1.801491260545880 0.000000000000000
4.000000000000000 1.932701209232597 0.000000000000000
4.000000000000000 2.068281158346636 0.000000000000000
4.000000000000000 2.208198314693924 0.000000000000000
4.000000000000000 2.352418836024984 0.000000000000000
4.000000000000000 2.500907839220488 0.000000000000000
4.000000000000000 2.653629408728523 0.000000000000000
4.000000000000000 2.810546605251655 0.000000000000000
4.000000000000000 2.971621474681534 0.000000000000000
4.000000000000000 3.136815057278991 0.000000000000000
4.000000000000000 3.306087397097393 0.000000000000000
4.000000000000000 3.479397551646883 0.000000000000000
4.000000000000000 3.656703601797311 0.000000000000000
4.000000000000000 3.837962661917359 0.000000000000000
4.000000000000000 4.023130890247428 0.000000000000000
4.000000000000000 4.212163499503799 0.000000000000000
4.000000000000000 4.405014767711490 0.000000000000000
4.000000000000000 4.601638049263206 0.000000000000000
4.000000000000000 4.801985786201644 0.000000000000000
4.000000000000000 5.006009519722516 0.000000000000000
4.000000000000000 5.213659901895454 0.000000000000000
4.000000000000000 5.424886707599967 0.000000000000000
4.000000000000000 5.639638846673549 0.000000000000000
4.000000000000000 5.857864376269051 0.000000000000000
4.000000000000000 6.079510513418267 0.000000000000000
4.000000000000000 6.304523647798746 0.000000000000000
4.000000000000000 6.532849354700691 0.000000000000000
4.000000000000000 6.764432408190871 0.000000000000000
4.000000000000000 6.999216794470302 0.000000000000000
4.000000000000000 7.237145725422494 0.000000000000000
4.000000000000000 7.478161652348996 0.000000000000000
4.000000000000000 7.722206279888891 0.000000000000000
4.000000000000000 7.969220580118927 0.000000000000000
4.000000000000000 8.219144806830766 0.000000000000000
4.000000000000000 8.471918509982029 0.000000000000000
4.000000000000000 8.727480550317559 0.000000000000000
4.000000000000000 8.985769114157382 0.000000000000000
4.000000000000000 9.246721728347795 0.000000000000000
4.000000000000000 9.510275275371963 0.000000000000000
4.000000000000000 9.776366008616380 0.000000000000000
4.000000000000000 10.044929567789486 0.000000000000000
4.000000000000000 10.315900994488702 0.000000000000000
4.000000000000000 10.589214747912139 0.000000000000000
4.000000000000000 10.864804720711229 0.000000000000000
4.000000000000000 11.142604254980267 0.000000000000000
4.000000000000000 11.422546158379243 0.000000000000000
4.000000000000000 11.704562720385866 0.000000000000000
4.000000000000000 11.988585728672945 0.000000000000000
4.000000000000000 12.274546485607161 0.000000000000000
4.000000000000000 12.562375824865173 0.000000000000000
4.000000000000000 12.852004128163127 0.000000000000000
4.000000000000000 13.143361342095497 0.000000000000000
4.000000000000000 13.436376995079106 0.000000000000000
4.000000000000000 13.730980214398357 0.000000000000000
4.000000000000000 14.027099743347470 0.000000000000000
4.000000000000000 14.324663958465568 0.000000000000000
4.000000000000000 14.623600886860498 0.000000000000000
4.000000000000000 14.923838223617189 0.000000000000000
4.000000000000000 15.225303349286255 0.000000000000000
4.000000000000000 15.527923347448752 0.000000000000000
4.000000000000000 15.831625022352689 0.000000000000000
4.000000000000000 16.136334916617166 0.000000000000000
4.000000000000000 16.441979328999761 0.000000000000000
4.000000000000000 16.748484332222901 0.000000000000000
4.000000000000000 17.055775790854906 0.000000000000000
4.000000000000000 17.363779379241397 0.000000000000000
4.000000000000000 17.672420599482695 0.000000000000000
4.000000000000000 17.981624799452870 0.000000000000000
4.000000000000000 18.291317190856148 0.000000000000000
4.000000000000000 18.601422867316177 0.000000000000000
4.000000000000000 18.911866822493916 0.000000000000000
4.000000000000000 19.222573968229682 0.000000000000000
4.000000000000000 20.000000000000000 0.000000000000000
4.200000000000000 0.000604692840589 0.000000000000000
4.200000000000000 0.005442016175447 0.000000000000000
4.200000000000000 0.015115492824936 0.000000000000000
4.200000000000000 0.029622783031598 0.000000000000000
4.200000000000000 0.048960377866674 0.000000000000000
4.200000000000000 0.073123600078805 0.000000000000000
4.200000000000000 0.102106605225359 0.000000000000000
4.200000000000000 0.135902383086023 0.000000000000000
4.200000000000000 0.174502759358415 0.000000000000000
4.200000000000000 0.217898397635203 0.000000000000000
4.200000000000000 0.266078801662349 0.000000000000000
4.200000000000000 0.319032317877891 0.000000000000000
4.200000000000000 0.376746138230583 0.000000000000000
4.200000000000000 0.439206303277885 0.000000000000000
4.200000000000000 0.506397705562318 0.000000000000000
4.200000000000000 0.578304093265622 0.000000000000000
4.200000000000000 0.654908074139581 0.000000000000000
4.200000000000000 0.736191119712782 0.000000000000000
4.200000000000000 0.822133569772152 0.000000000000000
4.200000000000000 0.912714637118246 0.000000000000000
4.200000000000000 1.007912412593100 0.000000000000000
4.200000000000000 1.107703870379517 0.000000000000000
4.200000000000000 1.212064873570341 0.000000000000000
4.200000000000000 1.320970180006590 0.000000000000000
4.200000000000000 1.434393448382846 0.000000000000000
4.200000000000000 1.552307244618490 0.000000000000000
4.200000000000000 1.674683048493343 0.000000000000000
4.200000000000000 1.801491260545880 0.000000000000000
4.200000000000000 1.932701209232597 0.000000000000000
4.200000000000000 2.068281158346636 0.000000000000000
4.200000000000000 2.208198314693924 0.000000000000000
4.200000000000000 2.352418836024984 0.000000000000000
4.200000000000000 2.500907839220488 0.000000000000000
4.200000000000000 2.653629408728523 0.000000000000000
4.200000000000000 2.810546605251655 0.000000000000000
4.200000000000000 2.971621474681534 0.000000000000000
4.200000000000000 3.136815057278991 0.000000000000000
4.200000000000000 3.306087397097393 0.000000000000000
4.200000000000000 3.479397551646883 0.000000000000000
4.200000000000000 3.656703601797311 0.000000000000000
4.200000000000000 3.837962661917359 0.000000000000000
4.200000000000000 4.023130890247428 0.000000000000000
4.200000000000000 4.212163499503799 0.000000000000000
4.200000000000000 4.405014767711490 0.000000000000000
4.200000000000000 4.601638049263206 0.000000000000000
4.200000000000000 4.801985786201644 0.000000000000000
4.200000000000000 5.006009519722516 0.000000000000000
4.200000000000000 5.213659901895454 0.000000000000000
4.200000000000000 5.424886707599967 0.000000000000000
4.200000000000000 5.639638846673549 0.000000000000000
4.200000000000000 5.857864376269051 0.000000000000000
4.200000000000000 6.079510513418267 0.000000000000000
4.200000000000000 6.304523647798746 0.000000000000000
4.200000000000000 6.532849354700691 0.000000000000000
4.200000000000000 6.764432408190871 0.000000000000000
4.200000000000000 6.999216794470302 0.000000000000000
4.200000000000000 7.237145725422494 0.000000000000000
4.200000000000000 7.478161652348996 0.000000000000000
4.200000000000000 7.722206279888891 0.000000000000000
4.200000000000000 7.969220580118927 0.000000000000000
4.200000000000000 8.219144806830766 0.000000000000000
4.200000000000000 8.471918509982029 0.000000000000000
4.200000000000000 8.727480550317559 0.000000000000000
4.200000000000000 8.985769114157382 0.000000000000000
4.200000000000000 9.246721728347795 0.000000000000000
4.200000000000000 9.510275275371963 0.000000000000000
4.200000000000000 9.776366008616380 0.000000000000000
4.200000000000000 10.044929567789486 0.000000000000000
4.200000000000000 10.315900994488702 0.000000000000000
4.200000000000000 10.589214747912139 0.000000000000000
4.200000000000000 10.864804720711229 0.000000000000000
4.200000000000000 11.142604254980267 0.000000000000000
4.200000000000000 11.422546158379243 0.000000000000000
4.200000000000000 11.704562720385866 0.000000000000000
4.200000000000000 11.988585728672945 0.000000000000000
4.200000000000000 12.274546485607161 0.000000000000000
4.200000000000000 12.562375824865173 0.000000000000000
4.200000000000000 12.852004128163127 0.000000000000000
4.200000000000000 13.143361342095497 0.000000000000000
4.200000000000000 13.436376995079106 0.000000000000000
4.200000000000000 13.730980214398357 0.000000000000000
4.200000000000000 14.027099743347470 0.000000000000000
4.200000000000000 14.324663958465568 0.000000000000000
4.200000000000000 14.623600886860498 0.000000000000000
4.200000000000000 14.923838223617189 0.000000000000000
4.200000000000000 15.225303349286255 0.000000000000000
4.200000000000000 15.527923347448752 0.000000000000000
4.200000000000000 15.831625022352689 0.000000000000000
4.200000000000000 16.136334916617166 0.000000000000000
4.200000000000000 16.441979328999761 0.000000000000000
4.200000000000000 16.748484332222901 0.000000000000000
4.200000000000000 17.055775790854906 0.000000000000000
4.200000000000000 17.363779379241397 0.000000000000000
4.200000000000000 17.672420599482695 0.000000000000000
4.200000000000000 17.981624799452870 0.000000000000000
4.200000000000000 18.291317190856148 0.000000000000000
4.200000000000000 18.601422867316177 0.000000000000000
4.200000000000000 18.911866822493916 0.000000000000000
4.200000000000000 19.222573968229682 0.000000000000000
4.200000000000000 20.000000000000000 0.000000000000000
4.400000000000000 0.000604692840589 0.000000000000000
4.400000000000000 0.005442016175447 0.000000000000000
4.400000000000000 0.015115492824936 0.000000000000000
4.400000000000000 0.029622783031598 0.000000000000000
4.400000000000000 0.048960377866674 0.000000000000000
4.400000000000000 0.073123600078805 0.000000000000000
4.400000000000000 0.102106605225359 0.000000000000000
4.400000000000000 0.135902383086023 0.000000000000000
4.400000000000000 0.174502759358415 0.000000000000000
4.400000000000000 0.217898397635203 0.000000000000000
4.400000000000000 0.266078801662349 0.000000000000000
4.400000000000000 0.319032317877891 0.000000000000000
4.400000000000000 0.376746138230583 0.000000000000000
4.400000000000000 0.439206303277885 0.000000000000000
4.400000000000000 0.506397705562318 0.000000000000000
4.400000000000000 0.578304093265622 0.000000000000000
4.400000000000000 0.654908074139581 0.000000000000000
4.400000000000000 0.736191119712782 0.000000000000000
4.400000000000000 0.822133569772152 0.000000000000000
4.400000000000000 0.912714637118246 0.000000000000000
4.400000000000000 1.007912412593100 0.000000000000000
4.400000000000000 1.107703870379517 0.000000000000000
4.400000000000000 1.212064873570341 0.000000000000000
4.400000000000000 1.320970180006590 0.000000000000000
4.400000000000000 1.434393448382846 0.000000000000000
4.400000000000000 1.552307244618490 0.000000000000000
4.400000000000000 1.674683048493343 0.000000000000000
4.400000000000000 1.801491260545880 0.000000000000000
4.400000000000000 1.932701209232597 0.000000000000000
4.400000000000000 2.068281158346636 0.000000000000000
4.400000000000000 2.208198314693924 0.000000000000000
4.400000000000000 2.352418836024984 0.000000000000000
4.400000000000000 2.500907839220488 0.000000000000000
4.400000000000000 2.653629408728523 0.000000000000000
4.400000000000000 2.810546605251655 0.000000000000000
4.400000000000000 2.971621474681534 0.000000000000000
4.400000000000000 3.136815057278991 0.000000000000000
4.400000000000000 3.306087397097393 0.000000000000000
4.400000000000000 3.479397551646883 0.000000000000000
4.400000000000000 3.656703601797311 0.000000000000000
4.400000000000000 3.837962661917359 0.000000000000000
4.400000000000000 4.023130890247428 0.000000000000000
4.400000000000000 4.212163499503799 0.000000000000000
4.400000000000000 4.405014767711490 0.000000000000000
4.400000000000000 4.601638049263206 0.000000000000000
4.400000000000000 4.801985786201644 0.000000000000000
4.400000000000000 5.006009519722516 0.000000000000000
4.400000000000000 5.213659901895454 0.000000000000000
4.400000000000000 5.424886707599967 0.000000000000000
4.400000000000000 5.639638846673549 0.000000000000000
4.400000000000000 5.857864376269051 0.000000000000000
4.400000000000000 6.079510513418267 0.000000000000000
4.400000000000000 6.304523647798746 0.000000000000000
4.400000000000000 6.532849354700691 0.000000000000000
4.400000000000000 6.764432408190871 0.000000000000000
4.400000000000000 6.999216794470302 0.000000000000000
4.400000000000000 7.237145725422494 0.000000000000000
4.400000000000000 7.478161652348996 0.000000000000000
4.400000000000000 7.722206279888891 0.000000000000000
4.400000000000000 7.969220580118927 0.000000000000000
4.400000000000000 8.219144806830766 0.000000000000000
4.400000000000000 8.471918509982029 0.000000000000000
4.400000000000000 8.727480550317559 0.000000000000000
4.400000000000000 8.985769114157382 0.000000000000000
4.400000000000000 9.246721728347795 0.000000000000000
4.400000000000000 9.510275275371963 0.000000000000000
4.400000000000000 9.776366008616380 0.000000000000000
4.400000000000000 10.044929567789486 0.000000000000000
4.400000000000000 10.315900994488702 0.000000000000000
4.400000000000000 10.589214747912139 0.000000000000000
4.400000000000000 10.864804720711229 0.000000000000000
4.400000000000000 11.142604254980267 0.000000000000000
4.400000000000000 11.422546158379243 0.000000000000000
4.400000000000000 11.704562720385866 0.000000000000000
4.400000000000000 11.988585728672945 0.000000000000000
4.400000000000000 12.274546485607161 0.000000000000000
4.400000000000000 12.562375824865173 0.000000000000000
4.400000000000000 12.852004128163127 0.000000000000000
4.400000000000000 13.143361342095497 0.000000000000000
4.400000000000000 13.436376995079106 0.000000000000000
4.400000000000000 13.730980214398357 0.000000000000000
4.400000000000000 14.027099743347470 0.000000000000000
4.400000000000000 14.324663958465568 0.000000000000000
4.400000000000000 14.623600886860498 0.000000000000000
4.400000000000000 14.923838223617189 0.000000000000000
4.400000000000000 15.225303349286255 0.000000000000000
4.400000000000000 15.527923347448752 0.000000000000000
4.400000000000000 15.831625022352689 0.000000000000000
4.400000000000000 16.136334916617166 0.000000000000000
4.400000000000000 16.441979328999761 0.000000000000000
4.400000000000000 16.748484332222901 0.000000000000000
4.400000000000000 17.055775790854906 0.000000000000000
4.400000000000000 17.363779379241397 0.000000000000000
4.400000000000000 17.672420599482695 0.000000000000000
4.400000000000000 17.981624799452870 0.000000000000000
4.400000000000000 18.291317190856148 0.000000000000000
4.400000000000000 18.601422867316177 0.000000000000000
4.400000000000000 18.911866822493916 0.000000000000000
4.400000000000000 19.222573968229682 0.000000000000000
4.400000000000000 20.000000000000000 0.000000000000000
4.600000000000000 0.000604692840589 0.000000000000000
4.600000000000000 0.005442016175447 0.000000000000000
4.600000000000000 0.015115492824936 0.000000000000000
4.600000000000000 0.029622783031598 0.000000000000000
4.600000000000000 0.048960377866674 0.000000000000000
4.600000000000000 0.073123600078805 0.000000000000000
4.600000000000000 0.102106605225359 0.000000000000000
4.600000000000000 0.135902383086023 0.000000000000000
4.600000000000000 0.174502759358415 0.000000000000000
4.600000000000000 0.217898397635203 0.000000000000000
4.600000000000000 0.266078801662349 0.000000000000000
4.600000000000000 0.319032317877891 0.000000000000000
4.600000000000000 0.376746138230583 0.000000000000000
4.600000000000000 0.439206303277885 0.000000000000000
4.600000000000000 0.506397705562318 0.000000000000000
4.600000000000000 0.578304093265622 0.000000000000000
4.600000000000000 0.654908074139581 0.000000000000000
4.600000000000000 0.736191119712782 0.000000000000000
4.600000000000000 0.822133569772152 0.000000000000000
4.600000000000000 0.912714637118246 0.000000000000000
4.600000000000000 1.007912412593100 0.000000000000000
4.600000000000000 1.107703870379517 0.000000000000000
4.600000000000000 1.212064873570341 0.000000000000000
4.600000000000000 1.320970180006590 0.000000000000000
4.600000000000000 1.434393448382846 0.000000000000000
4.600000000000000 1.552307244618490 0.000000000000000
4.600000000000000 1.674683048493343 0.000000000000000
4.600000000000000 1.801491260545880 0.000000000000000
4.600000000000000 1.932701209232597 0.000000000000000
4.600000000000000 2.068281158346636 0.000000000000000
4.600000000000000 2.208198314693924 0.000000000000000
4.600000000000000 2.352418836024984 0.000000000000000
4.600000000000000 2.500907839220488 0.000000000000000
4.600000000000000 2.653629408728523 0.000000000000000
4.600000000000000 2.810546605251655 0.000000000000000
4.600000000000000 2.971621474681534 0.000000000000000
4.600000000000000 3.136815057278991 0.000000000000000
4.600000000000000 3.306087397097393 0.000000000000000
4.600000000000000 3.479397551646883 0.000000000000000
4.600000000000000 3.656703601797311 0.000000000000000
4.600000000000000 3.837962661917359 0.000000000000000
4.600000000000000 4.023130890247428 0.000000000000000
4.600000000000000 4.212163499503799 0.000000000000000
4.600000000000000 4.405014767711490 0.000000000000000
4.600000000000000 4.601638049263206 0.000000000000000
4.600000000000000 4.801985786201644 0.000000000000000
4.600000000000000 5.006009519722516 0.000000000000000
4.600000000000000 5.213659901895454 0.000000000000000
4.600000000000000 5.424886707599967 0.000000000000000
4.600000000000000 5.639638846673549 0.000000000000000
4.600000000000000 5.857864376269051 0.000000000000000
4.600000000000000 6.079510513418267 0.000000000000000
4.600000000000000 6.304523647798746 0.000000000000000
4.600000000000000 6.532849354700691 0.000000000000000
4.600000000000000 6.764432408190871 0.000000000000000
4.600000000000000 6.999216794470302 0.000000000000000
4.600000000000000 7.237145725422494 0.000000000000000
4.600000000000000 7.478161652348996 0.000000000000000
4.600000000000000 7.722206279888891 0.000000000000000
4.600000000000000 7.969220580118927 0.000000000000000
4.600000000000000 8.219144806830766 0.000000000000000
4.600000000000000 8.471918509982029 0.000000000000000
4.600000000000000 8.727480550317559 0.000000000000000
4.600000000000000 8.985769114157382 0.000000000000000
4.600000000000000 9.246721728347795 0.000000000000000
4.600000000000000 9.510275275371963 0.000000000000000
4.600000000000000 9.776366008616380 0.000000000000000
4.600000000000000 10.044929567789486 0.000000000000000
4.600000000000000 10.315900994488702 0.000000000000000
4.600000000000000 10.589214747912139 0.000000000000000
4.600000000000000 10.864804720711229 0.000000000000000
4.600000000000000 11.142604254980267 0.000000000000000
4.600000000000000 11.422546158379243 0.000000000000000
4.600000000000000 11.704562720385866 0.000000000000000
4.600000000000000 11.988585728672945 0.000000000000000
4.600000000000000 12.274546485607161 0.000000000000000
4.600000000000000 12.562375824865173 0.000000000000000
4.600000000000000 12.852004128163127 0.000000000000000
4.600000000000000 13.143361342095497 0.000000000000000
4.600000000000000 13.436376995079106 0.000000000000000
4.600000000000000 13.730980214398357 0.000000000000000
4.600000000000000 14.027099743347470 0.000000000000000
4.600000000000000 14.324663958465568 0.000000000000000
4.600000000000000 14.623600886860498 0.000000000000000
4.600000000000000 14.923838223617189 0.000000000000000
4.600000000000000 15.225303349286255 0.000000000000000
4.600000000000000 15.527923347448752 0.000000000000000
4.600000000000000 15.831625022352689 0.000000000000000
4.600000000000000 16.136334916617166 0.000000000000000
4.600000000000000 16.441979328999761 0.000000000000000
4.600000000000000 16.748484332222901 0.000000000000000
4.600000000000000 17.055775790854906 0.000000000000000
4.600000000000000 17.363779379241397 0.000000000000000
4.600000000000000 17.672420599482695 0.000000000000000
4.600000000000000 17.981624799452870 0.000000000000000
4.600000000000000 18.291317190856148 0.000000000000000
4.600000000000000 18.601422867316177 0.000000000000000
4.600000000000000 18.911866822493916 0.000000000000000
4.600000000000000 19.222573968229682 0.000000000000000
4.600000000000000 20.000000000000000 0.000000000000000
6.000000000000000 0.000604692840589 0.000000000000000
6.000000000000000 0.005442016175447 0.000000000000000
6.000000000000000 0.015115492824936 0.000000000000000
6.000000000000000 0.029622783031598 0.000000000000000
6.000000000000000 0.048960377866674 0.000000000000000
6.000000000000000 0.073123600078805 0.000000000000000
6.000000000000000 0.102106605225359 0.000000000000000
6.000000000000000 0.135902383086023 0.000000000000000
6.000000000000000 0.174502759358415 0.000000000000000
6.000000000000000 0.217898397635203 0.000000000000000
6.000000000000000 0.266078801662349 0.000000000000000
6.000000000000000 0.319032317877891 0.000000000000000
6.000000000000000 0.376746138230583 0.000000000000000
6.000000000000000 0.439206303277885 0.000000000000000
6.000000000000000 0.506397705562318 0.000000000000000
6.000000000000000 0.578304093265622 0.000000000000000
6.000000000000000 0.654908074139581 0.000000000000000
6.000000000000000 0.736191119712782 0.000000000000000
6.000000000000000 0.822133569772152 0.000000000000000
6.000000000000000 0.912714637118246 0.000000000000000
6.000000000000000 1.007912412593100 0.000000000000000
6.000000000000000 1.107703870379517 0.000000000000000
6.000000000000000 1.212064873570341 0.000000000000000
6.000000000000000 1.320970180006590 0.000000000000000
6.000000000000000 1.434393448382846 0.000000000000000
6.000000000000000 1.552307244618490 0.000000000000000
6.000000000000000 1.674683048493343 0.000000000000000
6.000000000000000 1.801491260545880 0.000000000000000
6.000000000000000 1.932701209232597 0.000000000000000
6.000000000000000 2.068281158346636 0.000000000000000
6.000000000000000 2.208198314693924 0.000000000000000
6.000000000000000 2.352418836024984 0.000000000000000
6.000000000000000 2.500907839220488 0.000000000000000
6.000000000000000 2.653629408728523 0.000000000000000
6.000000000000000 2.810546605251655 0.000000000000000
6.000000000000000 2.971621474681534 0.000000000000000
6.000000000000000 3.136815057278991 0.000000000000000
6.000000000000000 3.306087397097393 0.000000000000000
6.000000000000000 3.479397551646883 0.000000000000000
6.000000000000000 3.656703601797311 0.000000000000000
6.000000000000000 3.837962661917359 0.000000000000000
6.000000000000000 4.023130890247428 0.000000000000000
6.000000000000000 4.212163499503799 0.000000000000000
6.000000000000000 4.405014767711490 0.000000000000000
6.000000000000000 4.601638049263206 0.000000000000000
6.000000000000000 4.801985786201644 0.000000000000000
6.000000000000000 5.006009519722516 0.000000000000000
6.000000000000000 5.213659901895454 0.000000000000000
6.000000000000000 5.424886707599967 0.000000000000000
6.000000000000000 5.639638846673549 0.000000000000000
6.000000000000000 5.857864376269051 0.000000000000000
6.000000000000000 6.079510513418267 0.000000000000000
6.000000000000000 6.304523647798746 0.000000000000000
6.000000000000000 6.532849354700691 0.000000000000000
6.000000000000000 6.764432408190871 0.000000000000000
6.000000000000000 6.999216794470302 0.000000000000000
6.000000000000000 7.237145725422494 0.000000000000000
6.000000000000000 7.478161652348996 0.000000000000000
6.000000000000000 7.722206279888891 0.000000000000000
6.000000000000000 7.969220580118927 0.000000000000000
6.000000000000000 8.219144806830766 0.000000000000000
6.000000000000000 8.471918509982029 0.000000000000000
6.000000000000000 8.727480550317559 0.000000000000000
6.000000000000000 8.985769114157382 0.000000000000000
6.000000000000000 9.246721728347795 0.000000000000000
6.000000000000000 9.510275275371963 0.000000000000000
6.000000000000000 9.776366008616380 0.000000000000000
6.000000000000000 10.044929567789486 0.000000000000000
6.000000000000000 10.315900994488702 0.000000000000000
6.000000000000000 10.589214747912139 0.000000000000000
6.000000000000000 10.864804720711229 0.000000000000000
6.000000000000000 11.142604254980267 0.000000000000000
6.000000000000000 11.422546158379243 0.000000000000000
6.000000000000000 11.704562720385866 0.000000000000000
6.000000000000000 11.988585728672945 0.000000000000000
6.000000000000000 12.274546485607161 0.000000000000000
6.000000000000000 12.562375824865173 0.000000000000000
6.000000000000000 12.852004128163127 0.000000000000000
6.000000000000000 13.143361342095497 0.000000000000000
6.000000000000000 13.436376995079106 0.000000000000000
6.000000000000000 13.730980214398357 0.000000000000000
6.000000000000000 14.027099743347470 0.000000000000000
6.000000000000000 14.324663958465568 0.000000000000000
6.000000000000000 14.623600886860498 0.000000000000000
6.000000000000000 14.923838223617189 0.000000000000000
6.000000000000000 15.225303349286255 0.000000000000000
6.000000000000000 15.527923347448752 0.000000000000000
6.000000000000000 15.831625022352689 0.000000000000000
6.000000000000000 16.136334916617166 0.000000000000000
6.000000000000000 16.441979328999761 0.000000000000000
6.000000000000000 16.748484332222901 0.000000000000000
6.000000000000000 17.055775790854906 0.000000000000000
6.000000000000000 17.363779379241397 0.000000000000000
6.000000000000000 17.672420599482695 0.000000000000000
6.000000000000000 17.981624799452870 0.000000000000000
6.000000000000000 18.291317190856148 0.000000000000000
6.000000000000000 18.601422867316177 0.000000000000000
6.000000000000000 18.911866822493916 0.000000000000000
6.000000000000000 19.222573968229682 0.000000000000000
6.000000000000000 20.000000000000000 0.000000000000000
8.000000000000000 0.000604692840589 0.000000000000000
8.000000000000000 0.005442016175447 0.000000000000000
8.000000000000000 0.015115492824936 0.000000000000000
8.000000000000000 0.029622783031598 0.000000000000000
8.000000000000000 0.048960377866674 0.000000000000000
8.000000000000000 0.073123600078805 0.000000000000000
8.000000000000000 0.102106605225359 0.000000000000000
8.000000000000000 0.135902383086023 0.000000000000000
8.000000000000000 0.174502759358415 0.000000000000000
8.000000000000000 0.217898397635203 0.000000000000000
8.000000000000000 0.266078801662349 0.000000000000000
8.000000000000000 0.319032317877891 0.000000000000000
8.000000000000000 0.376746138230583 0.000000000000000
8.000000000000000 0.439206303277885 0.000000000000000
8.000000000000000 0.506397705562318 0.000000000000000
8.000000000000000 0.578304093265622 0.000000000000000
8.000000000000000 0.654908074139581 0.000000000000000
8.000000000000000 0.736191119712782 0.000000000000000
8.000000000000000 0.822133569772152 0.000000000000000
8.000000000000000 0.912714637118246 0.000000000000000
8.000000000000000 1.007912412593100 0.000000000000000
8.000000000000000 1.107703870379517 0.000000000000000
8.000000000000000 1.212064873570341 0.000000000000000
8.000000000000000 1.320970180006590 0.000000000000000
8.000000000000000 1.434393448382846 0.000000000000000
8.000000000000000 1.552307244618490 0.000000000000000
8.000000000000000 1.674683048493343 0.000000000000000
8.000000000000000 1.801491260545880 0.000000000000000
8.000000000000000 1.932701209232597 0.000000000000000
8.000000000000000 2.068281158346636 0.000000000000000
8.000000000000000 2.208198314693924 0.000000000000000
8.000000000000000 2.352418836024984 0.000000000000000
8.000000000000000 2.500907839220488 0.000000000000000
8.000000000000000 2.653629408728523 0.000000000000000
8.000000000000000 2.810546605251655 0.000000000000000
8.000000000000000 2.971621474681534 0.000000000000000
8.000000000000000 3.136815057278991 0.000000000000000
8.000000000000000 3.306087397097393 0.000000000000000
8.000000000000000 3.479397551646883 0.000000000000000
8.000000000000000 3.656703601797311 0.000000000000000
8.000000000000000 3.837962661917359 0.000000000000000
8.000000000000000 4.023130890247428 0.000000000000000
8.000000000000000 4.212163499503799 0.000000000000000
8.000000000000000 4.405014767711490 0.000000000000000
8.000000000000000 4.601638049263206 0.000000000000000
8.000000000000000 4.801985786201644 0.000000000000000
8.000000000000000 5.006009519722516 0.000000000000000
8.000000000000000 5.213659901895454 0.000000000000000
8.000000000000000 5.424886707599967 0.000000000000000
8.000000000000000 5.639638846673549 0.000000000000000
8.000000000000000 5.857864376269051 0.000000000000000
8.000000000000000 6.079510513418267 0.000000000000000
8.000000000000000 6.304523647798746 0.000000000000000
8.000000000000000 6.532849354700691 0.000000000000000
8.000000000000000 6.764432408190871 0.000000000000000
8.000000000000000 6.999216794470302 0.000000000000000
8.000000000000000 7.237145725422494 0.000000000000000
8.000000000000000 7.478161652348996 0.000000000000000
8.000000000000000 7.722206279888891 0.000000000000000
8.000000000000000 7.969220580118927 0.000000000000000
8.000000000000000 8.219144806830766 0.000000000000000
8.000000000000000 8.471918509982029 0.000000000000000
8.000000000000000 8.727480550317559 0.000000000000000
8.000000000000000 8.985769114157382 0.000000000000000
8.000000000000000 9.246721728347795 0.000000000000000
8.000000000000000 9.510275275371963 0.000000000000000
8.000000000000000 9.776366008616380 0.000000000000000
8.000000000000000 10.044929567789486 0.000000000000000
8.000000000000000 10.315900994488702 0.000000000000000
8.000000000000000 10.589214747912139 0.000000000000000
8.000000000000000 10.864804720711229 0.000000000000000
8.000000000000000 11.142604254980267 0.000000000000000
8.000000000000000 11.422546158379243 0.000000000000000
8.000000000000000 11.704562720385866 0.000000000000000
8.000000000000000 11.988585728672945 0.000000000000000
8.000000000000000 12.274546485607161 0.000000000000000
8.000000000000000 12.562375824865173 0.000000000000000
8.000000000000000 12.852004128163127 0.000000000000000
8.000000000000000 13.143361342095497 0.000000000000000
8.000000000000000 13.436376995079106 0.000000000000000
8.000000000000000 13.730980214398357 0.000000000000000
8.000000000000000 14.027099743347470 0.000000000000000
8.000000000000000 14.324663958465568 0.000000000000000
8.000000000000000 14.623600886860498 0.000000000000000
8.000000000000000 14.923838223617189 0.000000000000000
8.000000000000000 15.225303349286255 0.000000000000000
8.000000000000000 15.527923347448752 0.000000000000000
8.000000000000000 15.831625022352689 0.000000000000000
8.000000000000000 16.136334916617166 0.000000000000000
8.000000000000000 16.441979328999761 0.000000000000000
8.000000000000000 16.748484332222901 0.000000000000000
8.000000000000000 17.055775790854906 0.000000000000000
8.000000000000000 17.363779379241397 0.000000000000000
8.000000000000000 17.672420599482695 0.000000000000000
8.000000000000000 17.981624799452870 0.000000000000000
8.000000000000000 18.291317190856148 0.000000000000000
8.000000000000000 18.601422867316177 0.000000000000000
8.000000000000000 18.911866822493916 0.000000000000000
8.000000000000000 19.222573968229682 0.000000000000000
8.000000000000000 20.000000000000000 0.000000000000000
10.000000000000000 0.000604692840589 0.000000000000000
10.000000000000000 0.005442016175447 0.000000000000000
10.000000000000000 0.015115492824936 0.000000000000000
10.000000000000000 0.029622783031598 0.000000000000000
10.000000000000000 0.048960377866674 0.000000000000000
10.000000000000000 0.073123600078805 0.000000000000000
10.000000000000000 0.102106605225359 0.000000000000000
10.000000000000000 0.135902383086023 0.000000000000000
10.000000000000000 0.174502759358415 0.000000000000000
10.000000000000000 0.217898397635203 0.000000000000000
10.000000000000000 0.266078801662349 0.000000000000000
10.000000000000000 0.319032317877891 0.000000000000000
10.000000000000000 0.376746138230583 0.000000000000000
10.000000000000000 0.439206303277885 0.000000000000000
10.000000000000000 0.506397705562318 0.000000000000000
10.000000000000000 0.578304093265622 0.000000000000000
10.000000000000000 0.654908074139581 0.000000000000000
10.000000000000000 0.736191119712782 0.000000000000000
10.000000000000000 0.822133569772152 0.000000000000000
10.000000000000000 0.912714637118246 0.000000000000000
10.000000000000000 1.007912412593100 0.000000000000000
10.000000000000000 1.107703870379517 0.000000000000000
10.000000000000000 1.212064873570341 0.000000000000000
10.000000000000000 1.320970180006590 0.000000000000000
10.000000000000000 1.434393448382846 0.000000000000000
10.000000000000000 1.552307244618490 0.000000000000000
10.000000000000000 1.674683048493343 0.000000000000000
10.000000000000000 1.801491260545880 0.000000000000000
10.000000000000000 1.932701209232597 0.000000000000000
10.000000000000000 2.068281158346636 0.000000000000000
10.000000000000000 2.208198314693924 0.000000000000000
10.000000000000000 2.352418836024984 0.000000000000000
10.000000000000000 2.500907839220488 0.000000000000000
10.000000000000000 2.653629408728523 0.000000000000000
10.000000000000000 2.810546605251655 0.000000000000000
10.000000000000000 2.971621474681534 0.000000000000000
10.000000000000000 3.136815057278991 0.000000000000000
10.000000000000000 3.306087397097393 0.000000000000000
10.000000000000000 3.479397551646883 0.000000000000000
10.000000000000000 3.656703601797311 0.000000000000000
10.000000000000000 3.837962661917359 0.000000000000000
10.000000000000000 4.023130890247428 0.000000000000000
10.000000000000000 4.212163499503799 0.000000000000000
10.000000000000000 4.405014767711490 0.000000000000000
10.000000000000000 4.601638049263206 0.000000000000000
10.000000000000000 4.801985786201644 0.000000000000000
10.000000000000000 5.006009519722516 0.000000000000000
10.000000000000000 5.213659901895454 0.000000000000000
10.000000000000000 5.424886707599967 0.000000000000000
10.000000000000000 5.639638846673549 0.000000000000000
10.000000000000000 5.857864376269051 0.000000000000000
10.000000000000000 6.079510513418267 0.000000000000000
10.000000000000000 6.304523647798746 0.000000000000000
10.000000000000000 6.532849354700691 0.000000000000000
10.000000000000000 6.764432408190871 0.000000000000000
10.000000000000000 6.999216794470302 0.000000000000000
10.000000000000000 7.237145725422494 0.000000000000000
10.000000000000000 7.478161652348996 0.000000000000000
10.000000000000000 7.722206279888891 0.000000000000000
10.000000000000000 7.969220580118927 0.000000000000000
10.000000000000000 8.219144806830766 0.000000000000000
10.000000000000000 8.471918509982029 0.000000000000000
10.000000000000000 8.727480550317559 0.000000000000000
10.000000000000000 8.985769114157382 0.000000000000000
10.000000000000000 9.246721728347795 0.000000000000000
10.000000000000000 9.510275275371963 0.000000000000000
10.000000000000000 9.776366008616380 0.000000000000000
10.000000000000000 10.044929567789486 0.000000000000000
10.000000000000000 10.315900994488702 0.000000000000000
10.000000000000000 10.589214747912139 0.000000000000000
10.000000000000000 10.864804720711229 0.000000000000000
10.000000000000000 11.142604254980267 0.000000000000000
10.000000000000000 11.422546158379243 0.000000000000000
10.000000000000000 11.704562720385866 0.000000000000000
10.000000000000000 11.988585728672945 0.000000000000000
10.000000000000000 12.274546485607161 0.000000000000000
10.000000000000000 12.562375824865173 0.000000000000000
10.000000000000000 12.852004128163127 0.000000000000000
10.000000000000000 13.143361342095497 0.000000000000000
10.000000000000000 13.436376995079106 0.000000000000000
10.000000000000000 13.730980214398357 0.000000000000000
10.000000000000000 14.027099743347470 0.000000000000000
10.000000000000000 14.324663958465568 0.000000000000000
10.000000000000000 14.623600886860498 0.000000000000000
10.000000000000000 14.923838223617189 0.000000000000000
10.000000000000000 15.225303349286255 0.000000000000000
10.000000000000000 15.527923347448752 0.000000000000000
10.000000000000000 15.831625022352689 0.000000000000000
10.000000000000000 16.136334916617166 0.000000000000000
10.000000000000000 16.441979328999761 0.000000000000000
10.000000000000000 16.748484332222901 0.000000000000000
10.000000000000000 17.055775790854906 0.000000000000000
10.000000000000000 17.363779379241397 0.000000000000000
10.000000000000000 17.672420599482695 0.000000000000000
10.000000000000000 17.981624799452870 0.000000000000000
10.000000000000000 18.291317190856148 0.000000000000000
10.000000000000000 18.601422867316177 0.000000000000000
10.000000000000000 18.911866822493916 0.000000000000000
10.000000000000000 19.222573968229682 0.000000000000000
10.000000000000000 20.000000000000000 0.000000000000000
12.000000000000000 0.000604692840589 0.000000000000000
12.000000000000000 0.005442016175447 0.000000000000000
12.000000000000000 0.015115492824936 0.000000000000000
12.000000000000000 0.029622783031598 0.000000000000000
12.000000000000000 0.048960377866674 0.000000000000000
12.000000000000000 0.073123600078805 0.000000000000000
12.000000000000000 0.102106605225359 0.000000000000000
12.000000000000000 0.135902383086023 0.000000000000000
12.000000000000000 0.174502759358415 0.000000000000000
12.000000000000000 0.217898397635203 0.000000000000000
12.000000000000000 0.266078801662349 0.000000000000000
12.000000000000000 0.319032317877891 0.000000000000000
12.000000000000000 0.376746138230583 0.000000000000000
12.000000000000000 0.439206303277885 0.000000000000000
12.000000000000000 0.506397705562318 0.000000000000000
12.000000000000000 0.578304093265622 0.000000000000000
12.000000000000000 0.654908074139581 0.000000000000000
12.000000000000000 0.736191119712782 0.000000000000000
12.000000000000000 0.822133569772152 0.000000000000000
12.000000000000000 0.912714637118246 0.000000000000000
12.000000000000000 1.007912412593100 0.000000000000000
12.000000000000000 1.107703870379517 0.000000000000000
12.000000000000000 1.212064873570341 0.000000000000000
12.000000000000000 1.320970180006590 0.000000000000000
12.000000000000000 1.434393448382846 0.000000000000000
12.000000000000000 1.552307244618490 0.000000000000000
12.000000000000000 1.674683048493343 0.000000000000000
12.000000000000000 1.801491260545880 0.000000000000000
12.000000000000000 1.932701209232597 0.000000000000000
12.000000000000000 2.068281158346636 0.000000000000000
12.000000000000000 2.208198314693924 0.000000000000000
12.000000000000000 2.352418836024984 0.000000000000000
12.000000000000000 2.500907839220488 0.000000000000000
12.000000000000000 2.653629408728523 0.000000000000000
12.000000000000000 2.810546605251655 0.000000000000000
12.000000000000000 2.971621474681534 0.000000000000000
12.000000000000000 3.136815057278991 0.000000000000000
12.000000000000000 3.306087397097393 0.000000000000000
12.000000000000000 3.479397551646883 0.000000000000000
12.000000000000000 3.656703601797311 0.000000000000000
12.000000000000000 3.837962661917359 0.000000000000000
12.000000000000000 4.023130890247428 0.000000000000000
12.000000000000000 4.212163499503799 0.000000000000000
12.000000000000000 4.405014767711490 0.000000000000000
12.000000000000000 4.601638049263206 0.000000000000000
12.000000000000000 4.801985786201644 0.000000000000000
12.000000000000000 5.006009519722516 0.000000000000000
12.000000000000000 5.213659901895454 0.000000000000000
12.000000000000000 5.424886707599967 0.000000000000000
12.000000000000000 5.639638846673549 0.000000000000000
12.000000000000000 5.857864376269051 0.000000000000000
12.000000000000000 6.079510513418267 0.000000000000000
12.000000000000000 6.304523647798746 0.000000000000000
12.000000000000000 6.532849354700691 0.000000000000000
12.000000000000000 6.764432408190871 0.000000000000000
12.000000000000000 6.999216794470302 0.000000000000000
12.000000000000000 7.237145725422494 0.000000000000000
12.000000000000000 7.478161652348996 0.000000000000000
12.000000000000000 7.722206279888891 0.000000000000000
12.000000000000000 7.969220580118927 0.000000000000000
12.000000000000000 8.219144806830766 0.000000000000000
12.000000000000000 8.471918509982029 0.000000000000000
12.000000000000000 8.727480550317559 0.000000000000000
12.000000000000000 8.985769114157382 0.000000000000000
12.000000000000000 9.246721728347795 0.000000000000000
12.000000000000000 9.510275275371963 0.000000000000000
12.000000000000000 9.776366008616380 0.000000000000000
12.000000000000000 10.044929567789486 0.000000000000000
12.000000000000000 10.315900994488702 0.000000000000000
12.000000000000000 10.589214747912139 0.000000000000000
12.000000000000000 10.864804720711229 0.000000000000000
12.000000000000000 11.142604254980267 0.000000000000000
12.000000000000000 11.422546158379243 0.000000000000000
12.000000000000000 11.704562720385866 0.000000000000000
12.000000000000000 11.988585728672945 0.000000000000000
12.000000000000000 12.274546485607161 0.000000000000000
12.000000000000000 12.562375824865173 0.000000000000000
12.000000000000000 12.852004128163127 0.000000000000000
12.000000000000000 13.143361342095497 0.000000000000000
12.000000000000000 13.436376995079106 0.000000000000000
12.000000000000000 13.730980214398357 0.000000000000000
12.000000000000000 14.027099743347470 0.000000000000000
12.000000000000000 14.324663958465568 0.000000000000000
12.000000000000000 14.623600886860498 0.000000000000000
12.000000000000000 14.923838223617189 0.000000000000000
12.000000000000000 15.225303349286255 0.000000000000000
12.000000000000000 15.527923347448752 0.000000000000000
12.000000000000000 15.831625022352689 0.000000000000000
12.000000000000000 16.136334916617166 0.000000000000000
12.000000000000000 16.441979328999761 0.000000000000000
12.000000000000000 16.748484332222901 0.000000000000000
12.000000000000000 17.055775790854906 0.000000000000000
12.000000000000000 17.363779379241397 0.000000000000000
12.000000000000000 17.672420599482695 0.000000000000000
12.000000000000000 17.981624799452870 0.000000000000000
12.000000000000000 18.291317190856148 0.000000000000000
12.000000000000000 18.601422867316177 0.000000000000000
12.000000000000000 18.911866822493916 0.000000000000000
12.000000000000000 19.222573968229682 0.000000000000000
12.000000000000000 20.000000000000000 0.000000000000000
14.000000000000000 0.000604692840589 0.000000000000000
14.000000000000000 0.005442016175447 0.000000000000000
14.000000000000000 0.015115492824936 0.000000000000000
14.000000000000000 0.029622783031598 0.000000000000000
14.000000000000000 0.048960377866674 0.000000000000000
14.000000000000000 0.073123600078805 0.000000000000000
14.000000000000000 0.102106605225359 0.000000000000000
14.000000000000000 0.135902383086023 0.000000000000000
14.000000000000000 0.174502759358415 0.000000000000000
14.000000000000000 0.217898397635203 0.000000000000000
14.000000000000000 0.266078801662349 0.000000000000000
14.000000000000000 0.319032317877891 0.000000000000000
14.000000000000000 0.376746138230583 0.000000000000000
14.000000000000000 0.439206303277885 0.000000000000000
14.000000000000000 0.506397705562318 0.000000000000000
14.000000000000000 0.578304093265622 0.000000000000000
14.000000000000000 0.654908074139581 0.000000000000000
14.000000000000000 0.736191119712782 0.000000000000000
14.000000000000000 0.822133569772152 0.000000000000000
14.000000000000000 0.912714637118246 0.000000000000000
14.000000000000000 1.007912412593100 0.000000000000000
14.000000000000000 1.107703870379517 0.000000000000000
14.000000000000000 1.212064873570341 0.000000000000000
14.000000000000000 1.320970180006590 0.000000000000000
14.000000000000000 1.434393448382846 0.000000000000000
14.000000000000000 1.552307244618490 0.000000000000000
14.000000000000000 1.674683048493343 0.000000000000000
14.000000000000000 1.801491260545880 0.000000000000000
14.000000000000000 1.932701209232597 0.000000000000000
14.000000000000000 2.068281158346636 0.000000000000000
14.000000000000000 2.208198314693924 0.000000000000000
14.000000000000000 2.352418836024984 0.000000000000000
14.000000000000000 2.500907839220488 0.000000000000000
14.000000000000000 2.653629408728523 0.000000000000000
14.000000000000000 2.810546605251655 0.000000000000000
14.000000000000000 2.971621474681534 0.000000000000000
14.000000000000000 3.136815057278991 0.000000000000000
14.000000000000000 3.306087397097393 0.000000000000000
14.000000000000000 3.479397551646883 0.000000000000000
14.000000000000000 3.656703601797311 0.000000000000000
14.000000000000000 3.837962661917359 0.000000000000000
14.000000000000000 4.023130890247428 0.000000000000000
14.000000000000000 4.212163499503799 0.000000000000000
14.000000000000000 4.405014767711490 0.000000000000000
14.000000000000000 4.601638049263206 0.000000000000000
14.000000000000000 4.801985786201644 0.000000000000000
14.000000000000000 5.006009519722516 0.000000000000000
14.000000000000000 5.213659901895454 0.000000000000000
14.000000000000000 5.424886707599967 0.000000000000000
14.000000000000000 5.639638846673549 0.000000000000000
14.000000000000000 5.857864376269051 0.000000000000000
14.000000000000000 6.079510513418267 0.000000000000000
14.000000000000000 6.304523647798746 0.000000000000000
14.000000000000000 6.532849354700691 0.000000000000000
14.000000000000000 6.764432408190871 0.000000000000000
14.000000000000000 6.999216794470302 0.000000000000000
14.000000000000000 7.237145725422494 0.000000000000000
14.000000000000000 7.478161652348996 0.000000000000000
14.000000000000000 7.722206279888891 0.000000000000000
14.000000000000000 7.969220580118927 0.000000000000000
14.000000000000000 8.219144806830766 0.000000000000000
14.000000000000000 8.471918509982029 0.000000000000000
14.000000000000000 8.727480550317559 0.000000000000000
14.000000000000000 8.985769114157382 0.000000000000000
14.000000000000000 9.246721728347795 0.000000000000000
14.000000000000000 9.510275275371963 0.000000000000000
14.000000000000000 9.776366008616380 0.000000000000000
14.000000000000000 10.044929567789486 0.000000000000000
14.000000000000000 10.315900994488702 0.000000000000000
14.000000000000000 10.589214747912139 0.000000000000000
14.000000000000000 10.864804720711229 0.000000000000000
14.000000000000000 11.142604254980267 0.000000000000000
14.000000000000000 11.422546158379243 0.000000000000000
14.000000000000000 11.704562720385866 0.000000000000000
14.000000000000000 11.988585728672945 0.000000000000000
14.000000000000000 12.274546485607161 0.000000000000000
14.000000000000000 12.562375824865173 0.000000000000000
14.000000000000000 12.852004128163127 0.000000000000000
14.000000000000000 13.143361342095497 0.000000000000000
14.000000000000000 13.436376995079106 0.000000000000000
14.000000000000000 13.730980214398357 0.000000000000000
14.000000000000000 14.027099743347470 0.000000000000000
14.000000000000000 14.324663958465568 0.000000000000000
14.000000000000000 14.623600886860498 0.000000000000000
14.000000000000000 14.923838223617189 0.000000000000000
14.000000000000000 15.225303349286255 0.000000000000000
14.000000000000000 15.527923347448752 0.000000000000000
14.000000000000000 15.831625022352689 0.000000000000000
14.000000000000000 16.136334916617166 0.000000000000000
14.000000000000000 16.441979328999761 0.000000000000000
14.000000000000000 16.748484332222901 0.000000000000000
14.000000000000000 17.055775790854906 0.000000000000000
14.000000000000000 17.363779379241397 0.000000000000000
14.000000000000000 17.672420599482695 0.000000000000000
14.000000000000000 17.981624799452870 0.000000000000000
14.000000000000000 18.291317190856148 0.000000000000000
14.000000000000000 18.601422867316177 0.000000000000000
14.000000000000000 18.911866822493916 0.000000000000000
14.000000000000000 19.222573968229682 0.000000000000000
14.000000000000000 20.000000000000000 0.000000000000000
-19.800000000000001 18.000000000000000 0.500000000000000
